1417
0.00 287.579 -30.37602 9.80 10 10 4.10 7.50 90.00 0.00
0.00 287.474 -30.46594 8.70 10 10 4.20 6.30 86.00 0.00
0.00 287.579 -30.46594 9.90 10 10 4.20 7.60 98.00 0.00
0.00 287.684 -30.46594 11.40 10 10 4.20 9.00 100.00 0.00
0.00 287.789 -30.46594 13.10 10 10 4.20 10.60 86.00 0.00
0.00 287.895 -30.46594 15.20 10 10 4.20 12.50 96.00 0.00
0.00 288 -30.46594 17.60 10 10 4.20 14.50 91.00 0.00
0.00 288.105 -30.46594 20.40 10 10 4.30 16.60 96.00 0.00
0.00 288.211 -30.46594 23.60 10 10 4.40 18.90 94.00 0.00
0.00 288.316 -30.46594 27.30 10 10 4.50 21.10 94.00 0.00
0.00 288.421 -30.46594 31.40 10 10 4.60 23.10 88.00 0.00
0.00 288.526 -30.46594 35.80 10 10 4.80 24.80 98.00 0.00
0.00 288.632 -30.46594 40.60 10 10 5.00 26.00 86.00 0.00
0.00 288.737 -30.46594 45.60 10 10 5.20 26.80 89.00 0.00
0.00 288.842 -30.46594 50.70 10 10 5.50 27.00 95.00 0.00
0.00 288.947 -30.46594 55.80 10 10 5.90 26.70 85.00 0.00
0.00 289.053 -30.46594 60.80 10 10 6.40 26.00 89.00 0.00
0.00 287.474 -30.55586 8.80 10 10 4.30 6.40 92.00 0.00
0.00 287.579 -30.55586 10.00 10 10 4.20 7.70 86.00 0.00
0.00 287.684 -30.55586 11.50 10 10 4.20 9.10 96.00 0.00
0.00 287.789 -30.55586 13.30 10 10 4.10 10.80 99.00 0.00
0.00 287.895 -30.55586 15.30 10 10 4.10 12.60 96.00 0.00
0.00 288 -30.55586 17.80 10 10 4.10 14.70 89.00 0.00
0.00 288.105 -30.55586 20.60 10 10 4.10 16.80 90.00 0.00
0.00 288.211 -30.55586 23.90 10 10 4.10 19.10 96.00 0.00
0.00 288.316 -30.55586 27.60 10 10 4.20 21.30 92.00 0.00
0.00 288.421 -30.55586 31.70 10 10 4.30 23.30 92.00 0.00
0.00 288.526 -30.55586 36.20 10 10 4.50 25.00 85.00 0.00
0.00 288.632 -30.55586 41.00 10 10 4.70 26.20 94.00 0.00
0.00 288.737 -30.55586 46.10 10 10 4.90 27.00 87.00 0.00
0.00 288.842 -30.55586 51.20 10 10 5.20 27.20 90.00 0.00
0.00 288.947 -30.55586 56.30 10 10 5.60 26.90 85.00 0.00
0.00 289.053 -30.55586 61.40 10 10 6.10 26.10 93.00 0.00
0.00 287.474 -30.64578 8.90 10 10 4.40 6.50 95.00 0.00
0.00 287.579 -30.64578 10.10 10 10 4.30 7.80 100.00 0.00
0.00 287.684 -30.64578 11.60 10 10 4.20 9.20 98.00 0.00
0.00 287.789 -30.64578 13.40 10 10 4.10 10.90 99.00 0.00
0.00 287.895 -30.64578 15.50 10 10 4.00 12.80 93.00 0.00
0.00 288 -30.64578 18.00 10 10 3.90 14.80 97.00 0.00
0.00 288.105 -30.64578 20.80 10 10 3.90 17.00 98.00 0.00
0.00 288.211 -30.64578 24.10 10 10 3.90 19.30 97.00 0.00
0.00 288.316 -30.64578 27.80 10 10 3.90 21.50 97.00 0.00
0.00 288.421 -30.64578 32.00 10 10 4.00 23.50 93.00 0.00
0.00 288.526 -30.64578 36.50 10 10 4.10 25.10 96.00 0.00
0.00 288.632 -30.64578 41.40 10 10 4.30 26.40 88.00 0.00
0.00 288.737 -30.64578 46.50 10 10 4.50 27.10 90.00 0.00
0.00 288.842 -30.64578 51.60 10 10 4.80 27.30 99.00 0.00
0.00 288.947 -30.64578 56.80 10 10 5.20 27.00 85.00 0.00
0.00 289.053 -30.64578 61.90 10 10 5.80 26.30 90.00 0.00
0.00 287.474 -30.73569 9.00 10 10 4.50 6.60 100.00 0.41
0.00 287.579 -30.73569 10.20 10 10 4.40 7.90 89.00 0.59
0.00 287.684 -30.73569 11.70 10 10 4.20 9.30 93.00 0.96
0.00 287.789 -30.73569 13.50 10 10 4.00 11.00 98.00 2.99
0.00 287.895 -30.73569 15.70 10 10 3.90 12.90 99.00 0.00
0.00 288 -30.73569 18.10 10 10 3.80 14.90 86.00 0.00
0.00 288.105 -30.73569 21.00 10 10 3.70 17.10 99.00 0.00
0.00 288.211 -30.73569 24.40 10 10 3.70 19.40 86.00 0.00
0.00 288.316 -30.73569 28.10 10 10 3.70 21.60 100.00 0.00
0.00 288.421 -30.73569 32.30 10 10 3.70 23.60 99.00 0.00
0.00 288.526 -30.73569 36.90 10 10 3.80 25.30 90.00 0.00
0.00 288.632 -30.73569 41.80 10 10 4.00 26.50 95.00 0.00
0.00 288.737 -30.73569 46.90 10 10 4.20 27.30 85.00 0.00
0.00 288.842 -30.73569 52.10 10 10 4.50 27.50 96.00 0.00
0.00 288.947 -30.73569 57.20 10 10 4.80 27.20 96.00 0.00
0.00 289.053 -30.73569 62.30 10 10 5.40 26.40 88.00 0.00
0.00 287.474 -30.82561 9.00 10 10 4.60 6.70 99.00 0.51
0.00 287.579 -30.82561 10.30 10 10 4.40 8.00 87.00 0.94
0.00 287.684 -30.82561 11.90 10 10 4.20 9.40 85.00 1.42
0.00 287.789 -30.82561 13.70 10 10 4.00 11.10 95.00 3.03
0.00 287.895 -30.82561 15.80 10 10 3.90 13.00 95.00 2.86
0.00 288 -30.82561 18.30 10 10 3.70 15.10 88.00 0.66
0.00 288.105 -30.82561 21.20 10 10 3.60 17.30 97.00 0.71
0.00 288.211 -30.82561 24.60 10 10 3.50 19.60 96.00 0.00
0.00 288.316 -30.82561 28.40 10 10 3.40 21.80 94.00 0.00
0.00 288.421 -30.82561 32.60 10 10 3.40 23.80 85.00 0.00
0.00 288.526 -30.82561 37.20 10 10 3.50 25.50 98.00 0.00
0.00 288.632 -30.82561 42.10 10 10 3.60 26.70 96.00 0.00
0.00 288.737 -30.82561 47.20 10 10 3.80 27.40 93.00 0.00
0.00 288.842 -30.82561 52.50 10 10 4.00 27.60 89.00 0.00
0.00 288.947 -30.82561 57.70 10 10 4.40 27.30 90.00 0.00
0.00 289.053 -30.82561 62.80 10 10 4.90 26.50 97.00 0.00
0.00 287.474 -30.91553 9.10 10 10 4.60 6.80 89.00 0.64
0.00 287.579 -30.91553 10.40 10 10 4.40 8.10 87.00 1.06
0.00 287.684 -30.91553 12.00 10 10 4.20 9.50 94.00 1.69
0.00 287.789 -30.91553 13.80 10 10 4.00 11.20 91.00 3.21
0.00 287.895 -30.91553 16.00 10 10 3.80 13.10 88.00 2.47
0.00 288 -30.91553 18.50 10 10 3.60 15.20 89.00 0.99
0.00 288.105 -30.91553 21.40 10 10 3.50 17.40 97.00 0.62
0.00 288.211 -30.91553 24.80 10 10 3.30 19.70 97.00 1.27
0.00 288.316 -30.91553 28.60 10 10 3.30 21.90 100.00 0.00
0.00 288.421 -30.91553 32.80 10 10 3.20 23.90 88.00 0.00
0.00 288.526 -30.91553 37.40 10 10 3.20 25.60 85.00 0.00
0.00 288.632 -30.91553 42.40 10 10 3.30 26.80 97.00 0.00
0.00 288.737 -30.91553 47.60 10 10 3.40 27.50 96.00 0.00
0.00 288.842 -30.91553 52.80 10 10 3.60 27.70 92.00 0.00
0.00 288.947 -30.91553 58.00 10 10 3.90 27.40 91.00 0.00
0.00 289.053 -30.91553 63.20 10 10 4.30 26.70 94.00 0.00
0.00 287.474 -31.00545 9.20 10 10 4.60 6.80 92.00 1.17
0.00 287.579 -31.00545 10.50 10 10 4.40 8.20 92.00 1.38
0.00 287.684 -31.00545 12.10 10 10 4.30 9.60 89.00 1.96
0.00 287.789 -31.00545 13.90 10 10 4.10 11.30 88.00 2.07
0.00 287.895 -31.00545 16.10 10 10 3.80 13.20 90.00 2.30
0.00 288 -31.00545 18.70 10 10 3.60 15.30 91.00 1.40
0.00 288.105 -31.00545 21.60 10 10 3.40 17.50 100.00 0.78
0.00 288.211 -31.00545 25.00 10 10 3.20 19.80 91.00 1.62
0.00 288.316 -31.00545 28.80 10 10 3.10 22.00 92.00 0.00
0.00 288.421 -31.00545 33.10 10 10 3.00 24.00 93.00 0.00
0.00 288.526 -31.00545 37.70 10 10 2.90 25.70 95.00 0.00
0.00 288.632 -31.00545 42.70 10 10 2.90 26.90 85.00 0.00
0.00 288.737 -31.00545 47.90 10 10 3.00 27.60 86.00 0.00
0.00 288.842 -31.00545 53.10 10 10 3.10 27.80 98.00 0.00
0.00 288.947 -31.00545 58.40 10 10 3.40 27.50 88.00 0.00
0.00 289.053 -31.00545 63.50 10 10 3.70 26.80 89.00 0.00
0.00 287.474 -31.09537 9.30 10 10 4.60 6.90 92.00 1.21
0.00 287.579 -31.09537 10.70 10 10 4.40 8.20 92.00 2.24
0.00 287.684 -31.09537 12.20 10 10 4.30 9.70 90.00 2.19
0.00 287.789 -31.09537 14.10 10 10 4.10 11.40 94.00 1.79
0.00 287.895 -31.09537 16.30 10 10 3.80 13.30 89.00 2.77
0.00 288 -31.09537 18.80 10 10 3.60 15.40 95.00 2.35
0.00 288.105 -31.09537 21.80 10 10 3.40 17.60 96.00 0.92
0.00 288.211 -31.09537 25.20 10 10 3.10 19.90 98.00 1.27
0.00 288.316 -31.09537 29.00 10 10 3.00 22.10 94.00 0.00
0.00 288.421 -31.09537 33.30 10 10 2.80 24.10 98.00 0.00
0.00 288.526 -31.09537 37.90 10 10 2.70 25.70 89.00 0.00
0.00 288.632 -31.09537 42.90 10 10 2.60 27.00 86.00 0.00
0.00 288.737 -31.09537 48.10 10 10 2.60 27.70 94.00 0.00
0.00 288.842 -31.09537 53.40 10 10 2.70 27.90 98.00 0.00
0.00 288.947 -31.09537 58.60 10 10 2.80 27.60 96.00 0.00
0.00 289.053 -31.09537 63.80 10 10 3.00 26.90 97.00 0.00
0.00 287.474 -31.18529 9.40 10 10 4.50 7.00 93.00 1.61
0.00 287.579 -31.18529 10.80 10 10 4.40 8.30 99.00 2.80
0.00 287.684 -31.18529 12.40 10 10 4.30 9.80 89.00 3.04
0.00 287.789 -31.18529 14.20 10 10 4.10 11.50 96.00 1.47
0.00 287.895 -31.18529 16.40 10 10 3.80 13.40 91.00 3.32
0.00 288 -31.18529 19.00 10 10 3.60 15.50 98.00 2.89
0.00 288.105 -31.18529 22.00 10 10 3.30 17.70 92.00 0.90
0.00 288.211 -31.18529 25.40 10 10 3.10 19.90 85.00 1.55
0.00 288.316 -31.18529 29.20 10 10 2.80 22.10 94.00 0.00
0.00 288.421 -31.18529 33.50 10 10 2.60 24.10 99.00 0.00
0.00 288.526 -31.18529 38.10 10 10 2.40 25.80 89.00 0.00
0.00 288.632 -31.18529 43.20 10 10 2.30 27.00 95.00 0.00
0.00 288.737 -31.18529 48.30 10 10 2.20 27.70 94.00 0.00
0.00 288.842 -31.18529 53.60 10 10 2.20 27.90 98.00 0.00
0.00 288.947 -31.18529 58.90 10 10 2.20 27.60 94.00 0.00
0.00 289.053 -31.18529 64.10 10 10 2.30 26.90 94.00 0.00
0.00 287.368 -31.27520 8.30 10 10 4.40 5.90 97.00 2.17
0.00 287.474 -31.27520 9.50 10 10 4.40 7.10 90.00 2.68
0.00 287.579 -31.27520 10.90 10 10 4.40 8.40 100.00 3.30
0.00 287.684 -31.27520 12.50 10 10 4.20 9.90 87.00 2.48
0.00 287.789 -31.27520 14.40 10 10 4.10 11.60 97.00 1.75
0.00 287.895 -31.27520 16.60 10 10 3.90 13.50 96.00 2.64
0.00 288 -31.27520 19.20 10 10 3.60 15.50 98.00 3.25
0.00 288.105 -31.27520 22.20 10 10 3.30 17.70 98.00 1.50
0.00 288.211 -31.27520 25.60 10 10 3.00 20.00 91.00 1.48
0.00 288.316 -31.27520 29.40 10 10 2.70 22.20 94.00 0.00
0.00 288.421 -31.27520 33.70 10 10 2.40 24.10 86.00 0.00
0.00 288.526 -31.27520 38.30 10 10 2.20 25.80 100.00 0.00
0.00 288.632 -31.27520 43.30 10 10 2.00 27.00 86.00 0.00
0.00 288.737 -31.27520 48.50 10 10 1.80 27.70 95.00 0.00
0.00 288.842 -31.27520 53.80 10 10 1.60 27.90 94.00 0.00
0.00 288.947 -31.27520 59.00 10 10 1.50 27.60 89.00 0.00
0.00 289.053 -31.27520 64.20 10 10 1.50 26.90 95.00 0.00
0.00 287.368 -31.36512 8.40 10 10 4.20 6.00 94.00 3.14
0.00 287.474 -31.36512 9.60 10 10 4.30 7.20 97.00 2.36
0.00 287.579 -31.36512 11.00 10 10 4.30 8.50 86.00 3.23
0.00 287.684 -31.36512 12.60 10 10 4.20 10.00 92.00 1.28
0.00 287.789 -31.36512 14.50 10 10 4.10 11.70 100.00 1.42
0.00 287.895 -31.36512 16.80 10 10 3.90 13.60 98.00 2.39
0.00 288 -31.36512 19.40 10 10 3.60 15.60 92.00 2.97
0.00 288.105 -31.36512 22.30 10 10 3.30 17.80 99.00 1.60
0.00 288.211 -31.36512 25.80 10 10 3.00 20.00 85.00 1.32
0.00 288.316 -31.36512 29.60 10 10 2.60 22.20 87.00 0.00
0.00 288.421 -31.36512 33.90 10 10 2.30 24.10 92.00 0.00
0.00 288.526 -31.36512 38.50 10 10 1.90 25.70 92.00 0.00
0.00 288.632 -31.36512 43.50 10 10 1.60 26.90 89.00 0.00
0.00 288.737 -31.36512 48.70 10 10 1.40 27.60 97.00 0.00
0.00 288.842 -31.36512 53.90 10 10 1.10 27.80 99.00 0.00
0.00 288.947 -31.36512 59.20 10 10 0.90 27.60 99.00 0.00
0.00 289.053 -31.36512 64.30 10 10 348.90 26.90 93.00 0.00
0.00 287.368 -31.45504 8.50 10 10 4.00 6.10 100.00 2.54
0.00 287.474 -31.45504 9.70 10 10 4.10 7.30 97.00 2.08
0.00 287.579 -31.45504 11.10 10 10 4.20 8.70 95.00 1.70
0.00 287.684 -31.45504 12.70 10 10 4.20 10.10 86.00 0.96
0.00 287.789 -31.45504 14.70 10 10 4.00 11.80 97.00 1.23
0.00 287.895 -31.45504 16.90 10 10 3.90 13.70 91.00 1.72
0.00 288 -31.45504 19.50 10 10 3.60 15.70 90.00 2.17
0.00 288.105 -31.45504 22.50 10 10 3.20 17.80 95.00 1.48
0.00 288.211 -31.45504 26.00 10 10 2.90 20.00 99.00 1.31
0.00 288.316 -31.45504 29.80 10 10 2.50 22.10 93.00 0.00
0.00 288.421 -31.45504 34.00 10 10 2.10 24.10 95.00 0.00
0.00 288.526 -31.45504 38.70 10 10 1.70 25.60 87.00 0.00
0.00 288.632 -31.45504 43.60 10 10 1.30 26.80 95.00 0.00
0.00 288.737 -31.45504 48.80 10 10 0.90 27.50 89.00 0.00
0.00 288.842 -31.45504 54.00 10 10 359.10 27.70 97.00 0.00
0.00 288.947 -31.45504 59.20 10 10 22.60 27.50 86.00 0.00
0.00 289.053 -31.45504 64.40 10 10 23.90 26.80 88.00 0.00
0.00 287.368 -31.54496 8.60 10 10 3.80 6.20 95.00 3.12
0.00 287.474 -31.54496 9.80 10 10 4.00 7.40 85.00 1.89
0.00 287.579 -31.54496 11.20 10 10 4.00 8.80 94.00 1.07
0.00 287.684 -31.54496 12.90 10 10 4.10 10.20 100.00 0.67
0.00 287.789 -31.54496 14.80 10 10 4.00 11.90 85.00 0.73
0.00 287.895 -31.54496 17.10 10 10 3.80 13.70 91.00 1.71
0.00 288 -31.54496 19.70 10 10 3.50 15.70 86.00 1.78
0.00 288.105 -31.54496 22.70 10 10 3.20 17.80 85.00 1.43
0.00 288.211 -31.54496 26.10 10 10 2.80 20.00 90.00 1.44
0.00 288.316 -31.54496 30.00 10 10 2.30 22.10 92.00 0.00
0.00 288.421 -31.54496 34.20 10 10 1.90 24.00 86.00 0.00
0.00 288.526 -31.54496 38.80 10 10 1.40 25.50 100.00 0.00
0.00 288.632 -31.54496 43.70 10 10 0.90 26.70 86.00 0.00
0.00 288.737 -31.54496 48.80 10 10 1.50 27.40 89.00 0.00
0.00 288.842 -31.54496 54.00 10 10 296.40 27.60 88.00 0.00
0.00 288.947 -31.54496 59.20 10 10 0.40 27.30 89.00 0.00
0.00 289.053 -31.54496 64.30 10 10 359.10 26.70 91.00 0.00
0.00 287.368 -31.63488 8.60 10 10 3.50 6.30 94.00 2.33
0.00 287.474 -31.63488 9.90 10 10 3.70 7.60 92.00 1.01
0.00 287.579 -31.63488 11.30 10 10 3.90 8.90 100.00 0.93
0.00 287.684 -31.63488 13.00 10 10 3.90 10.40 87.00 0.67
0.00 287.789 -31.63488 15.00 10 10 3.90 12.00 90.00 0.85
0.00 287.895 -31.63488 17.30 10 10 3.70 13.80 96.00 1.65
0.00 288 -31.63488 19.90 10 10 3.40 15.80 93.00 1.83
0.00 288.105 -31.63488 22.90 10 10 3.10 17.90 92.00 1.59
0.00 288.211 -31.63488 26.30 10 10 2.60 20.00 87.00 0.00
0.00 288.316 -31.63488 30.10 10 10 2.20 22.00 98.00 0.00
0.00 288.421 -31.63488 34.30 10 10 1.70 23.90 86.00 0.00
0.00 288.526 -31.63488 38.90 10 10 1.10 25.40 95.00 0.00
0.00 288.632 -31.63488 43.80 10 10 2.60 26.50 98.00 0.00
0.00 288.737 -31.63488 48.80 10 10 195.50 27.20 85.00 0.00
0.00 288.842 -31.63488 54.00 10 10 2.00 27.40 86.00 0.00
0.00 288.947 -31.63488 59.10 10 10 359.00 27.20 93.00 0.00
0.00 289.053 -31.63488 64.20 10 10 358.40 26.50 92.00 0.00
0.00 287.368 -31.72480 8.70 10 10 3.30 6.40 95.00 1.05
0.00 287.474 -31.72480 10.00 10 10 3.50 7.70 87.00 0.86
0.00 287.579 -31.72480 11.40 10 10 3.70 9.00 90.00 0.70
0.00 287.684 -31.72480 13.10 10 10 3.70 10.50 85.00 0.58
0.00 287.789 -31.72480 15.10 10 10 3.70 12.10 88.00 0.77
0.00 287.895 -31.72480 17.40 10 10 3.60 13.90 88.00 1.95
0.00 288 -31.72480 20.00 10 10 3.30 15.80 92.00 2.14
0.00 288.105 -31.72480 23.00 10 10 2.90 17.90 96.00 2.50
0.00 288.211 -31.72480 26.50 10 10 2.50 19.90 97.00 0.00
0.00 288.316 -31.72480 30.30 10 10 2.00 21.90 92.00 0.00
0.00 288.421 -31.72480 34.50 10 10 1.40 23.70 92.00 0.00
0.00 288.526 -31.72480 39.00 10 10 0.90 25.20 93.00 0.00
0.00 288.632 -31.72480 43.80 10 10 315.40 26.30 98.00 0.00
0.00 288.737 -31.72480 48.80 10 10 14.70 27.00 99.00 0.00
0.00 288.842 -31.72480 53.90 10 10 359.10 27.20 96.00 0.00
0.00 288.947 -31.72480 59.00 10 10 358.50 27.00 94.00 0.00
0.00 289.053 -31.72480 64.10 10 10 357.80 26.30 92.00 0.00
0.00 287.368 -31.81471 8.80 10 10 3.00 6.50 92.00 1.50
0.00 287.474 -31.81471 10.10 10 10 3.20 7.80 85.00 1.16
0.00 287.579 -31.81471 11.50 10 10 3.40 9.10 98.00 0.59
0.00 287.684 -31.81471 13.20 10 10 3.50 10.60 93.00 0.60
0.00 287.789 -31.81471 15.20 10 10 3.50 12.20 88.00 0.91
0.00 287.895 -31.81471 17.60 10 10 3.40 14.00 98.00 1.34
0.00 288 -31.81471 20.20 10 10 3.10 15.90 89.00 1.54
0.00 288.105 -31.81471 23.20 10 10 2.80 17.90 90.00 2.88
0.00 288.211 -31.81471 26.60 10 10 2.30 19.90 100.00 0.00
0.00 288.316 -31.81471 30.40 10 10 1.80 21.80 92.00 0.00
0.00 288.421 -31.81471 34.60 10 10 1.20 23.60 88.00 0.00
0.00 288.526 -31.81471 39.00 10 10 1.30 25.00 86.00 0.00
0.00 288.632 -31.81471 43.80 10 10 257.60 26.10 90.00 0.00
0.00 288.737 -31.81471 48.80 10 10 358.70 26.80 93.00 0.00
0.00 288.842 -31.81471 53.80 10 10 358.70 27.00 88.00 0.00
0.00 288.947 -31.81471 58.90 10 10 358.10 26.70 87.00 0.00
0.00 289.053 -31.81471 63.80 10 10 357.40 26.10 85.00 0.00
0.00 287.368 -31.90463 8.90 10 10 2.60 6.60 90.00 0.87
0.00 287.474 -31.90463 10.10 10 10 2.90 7.90 87.00 1.14
0.00 287.579 -31.90463 11.60 10 10 3.10 9.20 86.00 0.77
0.00 287.684 -31.90463 13.40 10 10 3.20 10.70 100.00 0.56
0.00 287.789 -31.90463 15.40 10 10 3.20 12.30 90.00 1.21
0.00 287.895 -31.90463 17.70 10 10 3.10 14.10 93.00 1.50
0.00 288 -31.90463 20.40 10 10 2.90 15.90 90.00 1.73
0.00 288.105 -31.90463 23.40 10 10 2.60 17.80 93.00 2.81
0.00 288.211 -31.90463 26.80 10 10 2.10 19.80 98.00 0.00
0.00 288.316 -31.90463 30.50 10 10 1.60 21.70 91.00 0.00
0.00 288.421 -31.90463 34.60 10 10 1.00 23.40 91.00 0.00
0.00 288.526 -31.90463 39.10 10 10 336.10 24.80 89.00 0.00
0.00 288.632 -31.90463 43.80 10 10 19.80 25.90 96.00 0.00
0.00 288.737 -31.90463 48.70 10 10 359.10 26.50 90.00 0.00
0.00 288.842 -31.90463 53.70 10 10 358.50 26.70 100.00 0.00
0.00 288.947 -31.90463 58.70 10 10 357.80 26.50 94.00 0.00
0.00 287.368 -31.99455 8.90 10 10 2.30 6.70 88.00 1.49
0.00 287.474 -31.99455 10.20 10 10 2.60 8.00 85.00 1.57
0.00 287.579 -31.99455 11.70 10 10 2.80 9.30 86.00 1.22
0.00 287.684 -31.99455 13.50 10 10 2.90 10.80 93.00 0.63
0.00 287.789 -31.99455 15.50 10 10 3.00 12.40 99.00 1.81
0.00 287.895 -31.99455 17.80 10 10 2.90 14.10 99.00 1.82
0.00 288 -31.99455 20.50 10 10 2.70 15.90 88.00 1.57
0.00 288.105 -31.99455 23.50 10 10 2.30 17.80 86.00 1.46
0.00 288.211 -31.99455 26.90 10 10 1.90 19.70 92.00 0.00
0.00 288.316 -31.99455 30.60 10 10 1.40 21.60 97.00 0.00
0.00 288.421 -31.99455 34.70 10 10 0.80 23.20 89.00 0.00
0.00 288.526 -31.99455 39.10 10 10 327.70 24.60 88.00 0.00
0.00 288.632 -31.99455 43.80 10 10 15.20 25.70 93.00 0.00
0.00 288.737 -31.99455 48.60 10 10 358.90 26.30 88.00 0.00
0.00 288.842 -31.99455 53.60 10 10 358.30 26.50 95.00 0.00
0.00 288.947 -31.99455 58.50 10 10 357.60 26.30 85.00 0.00
0.00 287.368 -32.08447 9.00 10 10 2.00 6.80 89.00 1.16
0.00 287.474 -32.08447 10.30 10 10 2.30 8.10 90.00 1.66
0.00 287.579 -32.08447 11.80 10 10 2.50 9.40 98.00 1.77
0.00 287.684 -32.08447 13.50 10 10 2.60 10.90 91.00 0.88
0.00 287.789 -32.08447 15.60 10 10 2.70 12.50 89.00 1.93
0.00 287.895 -32.08447 18.00 10 10 2.60 14.20 97.00 1.59
0.00 288 -32.08447 20.60 10 10 2.40 16.00 91.00 1.53
0.00 288.105 -32.08447 23.60 10 10 2.10 17.80 100.00 1.01
0.00 288.211 -32.08447 27.00 10 10 1.70 19.70 98.00 0.00
0.00 288.316 -32.08447 30.70 10 10 1.20 21.40 87.00 0.00
0.00 288.421 -32.08447 34.80 10 10 0.70 23.10 88.00 0.00
0.00 288.526 -32.08447 39.10 10 10 196.10 24.40 95.00 0.00
0.00 288.632 -32.08447 43.80 10 10 359.00 25.40 92.00 0.00
0.00 288.737 -32.08447 48.50 10 10 358.90 26.10 90.00 0.00
0.00 288.842 -32.08447 53.40 10 10 358.20 26.30 100.00 0.00
0.00 288.947 -32.08447 58.30 10 10 357.60 26.10 90.00 0.00
0.00 287.263 -32.17439 7.90 10 10 1.60 5.70 89.00 1.12
0.00 287.368 -32.17439 9.00 10 10 1.80 6.90 92.00 0.76
0.00 287.474 -32.17439 10.30 10 10 2.00 8.20 90.00 1.90
0.00 287.579 -32.17439 11.80 10 10 2.20 9.50 85.00 1.68
0.00 287.684 -32.17439 13.60 10 10 2.30 11.00 91.00 0.77
0.00 287.789 -32.17439 15.70 10 10 2.40 12.60 96.00 1.20
0.00 287.895 -32.17439 18.10 10 10 2.30 14.30 97.00 1.94
0.00 288 -32.17439 20.70 10 10 2.20 16.00 85.00 1.32
0.00 288.105 -32.17439 23.70 10 10 1.90 17.80 92.00 0.82
0.00 288.211 -32.17439 27.10 10 10 1.50 19.60 97.00 0.00
0.00 288.316 -32.17439 30.80 10 10 1.10 21.30 99.00 0.00
0.00 288.421 -32.17439 34.80 10 10 0.60 22.90 97.00 0.00
0.00 288.526 -32.17439 39.10 10 10 189.00 24.20 90.00 0.00
0.00 288.632 -32.17439 43.70 10 10 359.40 25.20 89.00 0.00
0.00 288.737 -32.17439 48.50 10 10 358.90 25.80 94.00 0.00
0.00 288.842 -32.17439 53.30 10 10 358.30 26.00 87.00 0.00
0.00 288.947 -32.17439 58.10 10 10 357.70 25.80 100.00 0.00
0.00 287.263 -32.26431 7.90 10 10 1.50 5.70 98.00 1.17
0.00 287.368 -32.26431 9.00 10 10 1.60 6.90 100.00 0.83
0.00 287.474 -32.26431 10.40 10 10 1.80 8.20 93.00 1.51
0.00 287.579 -32.26431 11.90 10 10 2.00 9.60 97.00 1.33
0.00 287.684 -32.26431 13.70 10 10 2.10 11.10 92.00 0.97
0.00 287.789 -32.26431 15.80 10 10 2.10 12.70 86.00 1.75
0.00 287.895 -32.26431 18.20 10 10 2.10 14.30 93.00 1.63
0.00 288 -32.26431 20.80 10 10 2.00 16.00 95.00 1.33
0.00 288.105 -32.26431 23.80 10 10 1.70 17.80 89.00 0.65
0.00 288.211 -32.26431 27.20 10 10 1.40 19.50 91.00 0.00
0.00 288.316 -32.26431 30.90 10 10 1.00 21.20 99.00 0.00
0.00 288.421 -32.26431 34.80 10 10 0.50 22.70 99.00 0.00
0.00 288.526 -32.26431 39.10 10 10 189.00 24.00 87.00 0.00
0.00 288.632 -32.26431 43.70 10 10 359.50 25.00 96.00 0.00
0.00 288.737 -32.26431 48.40 10 10 359.00 25.60 97.00 0.00
0.00 288.842 -32.26431 53.10 10 10 358.40 25.80 94.00 0.00
0.00 288.947 -32.26431 57.90 10 10 357.90 25.70 89.00 0.00
0.00 287.263 -32.35422 7.90 10 10 1.50 5.80 87.00 1.11
0.00 287.368 -32.35422 9.10 10 10 1.60 7.00 85.00 0.68
0.00 287.474 -32.35422 10.40 10 10 1.70 8.30 97.00 0.87
0.00 287.579 -32.35422 12.00 10 10 1.80 9.70 88.00 1.30
0.00 287.684 -32.35422 13.80 10 10 1.90 11.20 88.00 1.55
0.00 287.789 -32.35422 15.90 10 10 2.00 12.70 88.00 1.72
0.00 287.895 -32.35422 18.30 10 10 1.90 14.40 99.00 1.61
0.00 288 -32.35422 20.90 10 10 1.80 16.00 97.00 1.77
0.00 288.105 -32.35422 23.90 10 10 1.60 17.70 85.00 0.81
0.00 288.211 -32.35422 27.30 10 10 1.30 19.50 86.00 0.00
0.00 288.316 -32.35422 30.90 10 10 0.90 21.10 92.00 0.00
0.00 288.421 -32.35422 34.90 10 10 0.50 22.60 95.00 0.00
0.00 288.526 -32.35422 39.10 10 10 189.70 23.90 95.00 0.00
0.00 288.632 -32.35422 43.60 10 10 359.50 24.80 86.00 0.00
0.00 288.737 -32.35422 48.30 10 10 359.10 25.40 89.00 0.00
0.00 288.842 -32.35422 53.00 10 10 358.70 25.70 95.00 0.00
0.00 288.947 -32.35422 57.70 10 10 358.20 25.50 90.00 0.00
0.00 287.263 -32.44414 8.00 10 10 1.60 5.80 99.00 1.00
0.00 287.368 -32.44414 9.10 10 10 1.60 7.00 98.00 0.81
0.00 287.474 -32.44414 10.40 10 10 1.70 8.40 97.00 0.84
0.00 287.579 -32.44414 12.00 10 10 1.80 9.80 87.00 1.50
0.00 287.684 -32.44414 13.80 10 10 1.90 11.20 88.00 3.81
0.00 287.789 -32.44414 15.90 10 10 1.90 12.80 87.00 2.27
0.00 287.895 -32.44414 18.30 10 10 1.80 14.40 95.00 1.18
0.00 288 -32.44414 21.00 10 10 1.70 16.10 94.00 1.44
0.00 288.105 -32.44414 24.00 10 10 1.50 17.70 87.00 1.20
0.00 288.211 -32.44414 27.40 10 10 1.20 19.40 88.00 0.00
0.00 288.316 -32.44414 31.00 10 10 0.90 21.00 90.00 0.00
0.00 288.421 -32.44414 34.90 10 10 0.50 22.50 93.00 0.00
0.00 288.526 -32.44414 39.10 10 10 353.20 23.70 94.00 0.00
0.00 288.632 -32.44414 43.60 10 10 13.50 24.70 98.00 0.00
0.00 288.737 -32.44414 48.20 10 10 359.30 25.30 87.00 0.00
0.00 288.842 -32.44414 52.90 10 10 359.00 25.50 86.00 0.00
0.00 288.947 -32.44414 57.60 10 10 358.60 25.40 93.00 0.00
0.00 289.053 -32.44414 62.30 10 10 358.20 24.80 85.00 0.00
0.00 287.263 -32.53406 8.00 10 10 1.90 5.90 95.00 0.83
0.00 287.368 -32.53406 9.10 10 10 1.90 7.10 91.00 1.04
0.00 287.474 -32.53406 10.50 10 10 1.90 8.40 86.00 0.85
0.00 287.579 -32.53406 12.10 10 10 1.90 9.80 88.00 2.42
0.00 287.684 -32.53406 13.90 10 10 1.90 11.30 90.00 2.86
0.00 287.789 -32.53406 16.00 10 10 1.90 12.80 92.00 2.22
0.00 287.895 -32.53406 18.40 10 10 1.80 14.40 87.00 1.06
0.00 288 -32.53406 21.10 10 10 1.70 16.10 88.00 0.86
0.00 288.105 -32.53406 24.10 10 10 1.50 17.70 88.00 0.69
0.00 288.211 -32.53406 27.40 10 10 1.20 19.40 92.00 0.00
0.00 288.316 -32.53406 31.00 10 10 0.90 21.00 90.00 0.00
0.00 288.421 -32.53406 35.00 10 10 0.60 22.40 95.00 0.00
0.00 288.526 -32.53406 39.10 10 10 353.70 23.60 93.00 0.00
0.00 288.632 -32.53406 43.60 10 10 299.00 24.60 86.00 0.00
0.00 288.737 -32.53406 48.20 10 10 358.90 25.20 94.00 0.00
0.00 288.842 -32.53406 52.80 10 10 359.30 25.40 89.00 0.00
0.00 288.947 -32.53406 57.50 10 10 359.00 25.20 90.00 0.00
0.00 289.053 -32.53406 62.10 10 10 358.70 24.70 90.00 0.00
0.00 287.158 -32.62398 7.20 10 10 2.60 4.90 89.00 0.52
0.00 287.263 -32.62398 8.10 10 10 2.30 5.90 90.00 0.83
0.00 287.368 -32.62398 9.20 10 10 2.20 7.10 89.00 0.88
0.00 287.474 -32.62398 10.50 10 10 2.20 8.50 95.00 1.17
0.00 287.579 -32.62398 12.10 10 10 2.10 9.90 95.00 3.60
0.00 287.684 -32.62398 14.00 10 10 2.10 11.40 85.00 2.75
0.00 287.789 -32.62398 16.10 10 10 2.00 12.90 95.00 2.03
0.00 287.895 -32.62398 18.50 10 10 1.90 14.50 92.00 0.80
0.00 288 -32.62398 21.20 10 10 1.70 16.10 95.00 0.79
0.00 288.105 -32.62398 24.20 10 10 1.60 17.70 86.00 0.59
0.00 288.211 -32.62398 27.50 10 10 1.30 19.40 94.00 0.00
0.00 288.316 -32.62398 31.10 10 10 1.00 20.90 89.00 0.00
0.00 288.421 -32.62398 35.00 10 10 0.80 22.30 92.00 0.00
0.00 288.526 -32.62398 39.20 10 10 0.50 23.50 91.00 0.00
0.00 288.632 -32.62398 43.60 10 10 328.80 24.50 85.00 0.00
0.00 288.737 -32.62398 48.20 10 10 345.60 25.10 91.00 0.00
0.00 288.842 -32.62398 52.80 10 10 2.10 25.30 97.00 0.00
0.00 288.947 -32.62398 57.40 10 10 359.40 25.20 89.00 0.00
0.00 289.053 -32.62398 62.10 10 10 359.20 24.70 89.00 0.00
0.00 287.158 -32.71390 7.20 10 10 3.10 4.90 87.00 0.66
0.00 287.263 -32.71390 8.10 10 10 2.90 6.00 98.00 0.98
0.00 287.368 -32.71390 9.20 10 10 2.80 7.20 100.00 1.27
0.00 287.474 -32.71390 10.60 10 10 2.60 8.50 99.00 2.17
0.00 287.579 -32.71390 12.20 10 10 2.50 10.00 87.00 4.50
0.00 287.684 -32.71390 14.10 10 10 2.40 11.40 86.00 2.16
0.00 287.789 -32.71390 16.20 10 10 2.30 12.90 91.00 1.68
0.00 287.895 -32.71390 18.60 10 10 2.10 14.50 91.00 0.66
0.00 288 -32.71390 21.30 10 10 1.90 16.10 87.00 0.77
0.00 288.105 -32.71390 24.30 10 10 1.70 17.70 98.00 0.83
0.00 288.211 -32.71390 27.60 10 10 1.50 19.30 86.00 0.00
0.00 288.316 -32.71390 31.20 10 10 1.20 20.90 86.00 0.00
0.00 288.421 -32.71390 35.10 10 10 1.00 22.30 87.00 0.00
0.00 288.526 -32.71390 39.20 10 10 0.70 23.50 95.00 0.00
0.00 288.632 -32.71390 43.60 10 10 0.50 24.40 100.00 0.00
0.00 288.737 -32.71390 48.20 10 10 339.80 25.00 85.00 0.00
0.00 288.842 -32.71390 52.80 10 10 241.50 25.30 96.00 0.00
0.00 288.947 -32.71390 57.40 10 10 275.90 25.10 94.00 0.00
0.00 289.053 -32.71390 62.00 10 10 12.30 24.60 93.00 0.00
0.00 287.158 -32.80381 7.20 10 10 4.00 4.90 96.00 0.90
0.00 287.263 -32.80381 8.20 10 10 3.70 6.00 95.00 1.70
0.00 287.368 -32.80381 9.30 10 10 3.50 7.30 100.00 0.99
0.00 287.474 -32.80381 10.70 10 10 3.20 8.60 85.00 1.49
0.00 287.579 -32.80381 12.30 10 10 3.00 10.00 91.00 3.99
0.00 287.684 -32.80381 14.10 10 10 2.80 11.50 94.00 1.58
0.00 287.789 -32.80381 16.30 10 10 2.60 13.00 97.00 2.12
0.00 287.895 -32.80381 18.70 10 10 2.40 14.60 92.00 0.60
0.00 288 -32.80381 21.40 10 10 2.20 16.10 85.00 0.68
0.00 288.105 -32.80381 24.40 10 10 2.00 17.70 91.00 1.02
0.00 288.211 -32.80381 27.70 10 10 1.70 19.30 89.00 0.00
0.00 288.316 -32.80381 31.30 10 10 1.50 20.80 91.00 0.00
0.00 288.421 -32.80381 35.10 10 10 1.30 22.20 87.00 0.00
0.00 288.526 -32.80381 39.30 10 10 1.10 23.40 95.00 0.00
0.00 288.632 -32.80381 43.70 10 10 0.90 24.40 86.00 0.00
0.00 288.737 -32.80381 48.20 10 10 0.70 25.00 98.00 0.00
0.00 288.842 -32.80381 52.80 10 10 0.60 25.20 87.00 0.00
0.00 288.947 -32.80381 57.40 10 10 0.40 25.10 94.00 0.00
0.00 289.053 -32.80381 62.00 10 10 348.30 24.60 95.00 0.00
0.00 287.158 -32.89373 7.30 10 10 5.00 5.00 86.00 0.62
0.00 287.263 -32.89373 8.20 10 10 4.60 6.10 96.00 1.02
0.00 287.368 -32.89373 9.40 10 10 4.30 7.30 97.00 0.90
0.00 287.474 -32.89373 10.80 10 10 4.00 8.70 98.00 1.03
0.00 287.579 -32.89373 12.40 10 10 3.70 10.10 89.00 2.28
0.00 287.684 -32.89373 14.30 10 10 3.40 11.50 91.00 2.28
0.00 287.789 -32.89373 16.40 10 10 3.20 13.00 94.00 1.99
0.00 287.895 -32.89373 18.80 10 10 2.90 14.60 85.00 0.71
0.00 288 -32.89373 21.50 10 10 2.60 16.20 94.00 1.26
0.00 288.105 -32.89373 24.50 10 10 2.40 17.70 100.00 1.49
0.00 288.211 -32.89373 27.80 10 10 2.10 19.30 96.00 0.00
0.00 288.316 -32.89373 31.40 10 10 1.90 20.80 94.00 0.00
0.00 288.421 -32.89373 35.30 10 10 1.70 22.20 94.00 0.00
0.00 288.526 -32.89373 39.40 10 10 1.50 23.40 98.00 0.00
0.00 288.632 -32.89373 43.80 10 10 1.30 24.30 87.00 0.00
0.00 288.737 -32.89373 48.30 10 10 1.20 25.00 85.00 0.00
0.00 288.842 -32.89373 52.90 10 10 1.10 25.20 93.00 0.00
0.00 288.947 -32.89373 57.50 10 10 1.00 25.10 98.00 0.00
0.00 289.053 -32.89373 62.10 10 10 1.00 24.60 92.00 0.00
0.00 287.158 -32.98365 7.40 10 10 6.10 5.00 87.00 0.57
0.00 287.263 -32.98365 8.30 10 10 5.60 6.20 96.00 0.65
0.00 287.368 -32.98365 9.50 10 10 5.30 7.40 95.00 1.28
0.00 287.474 -32.98365 10.90 10 10 4.90 8.70 100.00 0.69
0.00 287.579 -32.98365 12.50 10 10 4.50 10.10 88.00 1.55
0.00 287.684 -32.98365 14.40 10 10 4.20 11.60 99.00 4.81
0.00 287.789 -32.98365 16.50 10 10 3.90 13.10 96.00 3.14
0.00 287.895 -32.98365 19.00 10 10 3.50 14.60 90.00 1.33
0.00 288 -32.98365 21.70 10 10 3.20 16.20 89.00 1.79
0.00 288.105 -32.98365 24.60 10 10 2.90 17.80 86.00 1.35
0.00 288.211 -32.98365 27.90 10 10 2.70 19.30 99.00 0.00
0.00 288.316 -32.98365 31.50 10 10 2.40 20.80 95.00 0.00
0.00 288.421 -32.98365 35.40 10 10 2.20 22.20 86.00 0.00
0.00 288.526 -32.98365 39.50 10 10 2.00 23.40 89.00 0.00
0.00 288.632 -32.98365 43.90 10 10 1.90 24.30 93.00 0.00
0.00 288.737 -32.98365 48.40 10 10 1.80 25.00 97.00 0.00
0.00 288.842 -32.98365 53.00 10 10 1.70 25.20 90.00 0.00
0.00 288.947 -32.98365 57.60 10 10 1.70 25.10 85.00 0.00
0.00 289.053 -32.98365 62.20 10 10 1.70 24.60 99.00 0.00
0.00 287.158 -33.07357 7.50 10 10 7.30 5.10 99.00 0.51
0.00 287.263 -33.07357 8.50 10 10 6.80 6.30 93.00 0.66
0.00 287.368 -33.07357 9.60 10 10 6.30 7.50 87.00 0.93
0.00 287.474 -33.07357 11.00 10 10 5.90 8.80 94.00 0.96
0.00 287.579 -33.07357 12.70 10 10 5.50 10.20 99.00 1.90
0.00 287.684 -33.07357 14.60 10 10 5.10 11.70 92.00 4.75
0.00 287.789 -33.07357 16.70 10 10 4.70 13.10 87.00 1.87
0.00 287.895 -33.07357 19.10 10 10 4.30 14.70 99.00 1.69
0.00 288 -33.07357 21.80 10 10 4.00 16.20 86.00 2.50
0.00 288.105 -33.07357 24.80 10 10 3.70 17.80 96.00 1.29
0.00 288.211 -33.07357 28.10 10 10 3.40 19.40 97.00 0.00
0.00 288.316 -33.07357 31.70 10 10 3.10 20.90 96.00 0.00
0.00 288.421 -33.07357 35.60 10 10 2.90 22.20 99.00 0.00
0.00 288.526 -33.07357 39.70 10 10 2.70 23.40 98.00 0.00
0.00 288.632 -33.07357 44.10 10 10 2.60 24.40 86.00 0.00
0.00 288.737 -33.07357 48.60 10 10 2.50 25.00 100.00 0.00
0.00 288.842 -33.07357 53.20 10 10 2.50 25.20 89.00 0.00
0.00 288.947 -33.07357 57.80 10 10 2.50 25.10 96.00 0.00
0.00 289.053 -33.07357 62.30 10 10 2.50 24.60 96.00 0.00
0.00 287.158 -33.16349 7.60 10 10 8.60 5.30 92.00 0.96
0.00 287.263 -33.16349 8.60 10 10 8.10 6.40 89.00 0.74
0.00 287.368 -33.16349 9.80 10 10 7.60 7.60 94.00 0.96
0.00 287.474 -33.16349 11.20 10 10 7.10 9.00 91.00 1.15
0.00 287.579 -33.16349 12.90 10 10 6.60 10.30 97.00 2.37
0.00 287.684 -33.16349 14.80 10 10 6.10 11.80 88.00 2.55
0.00 287.789 -33.16349 16.90 10 10 5.70 13.20 99.00 2.65
0.00 287.895 -33.16349 19.40 10 10 5.30 14.70 96.00 2.00
0.00 288 -33.16349 22.10 10 10 4.90 16.30 89.00 2.34
0.00 288.105 -33.16349 25.00 10 10 4.60 17.80 88.00 2.24
0.00 288.211 -33.16349 28.40 10 10 4.20 19.40 100.00 0.00
0.00 288.316 -33.16349 31.90 10 10 4.00 20.90 92.00 0.00
0.00 288.421 -33.16349 35.80 10 10 3.80 22.30 96.00 0.00
0.00 288.526 -33.16349 39.90 10 10 3.60 23.50 100.00 0.00
0.00 288.632 -33.16349 44.30 10 10 3.50 24.40 92.00 0.00
0.00 288.737 -33.16349 48.80 10 10 3.40 25.00 97.00 0.00
0.00 288.842 -33.16349 53.40 10 10 3.40 25.30 85.00 0.00
0.00 288.947 -33.16349 58.00 10 10 3.40 25.10 99.00 0.00
0.00 289.053 -33.16349 62.60 10 10 3.50 24.60 96.00 0.00
0.00 287.158 -33.25341 7.70 10 10 10.00 5.40 91.00 0.69
0.00 287.263 -33.25341 8.80 10 10 9.40 6.60 96.00 0.68
0.00 287.368 -33.25341 10.00 10 10 8.90 7.80 85.00 1.07
0.00 287.474 -33.25341 11.40 10 10 8.30 9.10 89.00 1.02
0.00 287.579 -33.25341 13.10 10 10 7.80 10.50 99.00 1.95
0.00 287.684 -33.25341 15.00 10 10 7.30 11.90 85.00 2.38
0.00 287.789 -33.25341 17.20 10 10 6.90 13.30 89.00 2.80
0.00 287.895 -33.25341 19.60 10 10 6.40 14.80 93.00 2.06
0.00 288 -33.25341 22.30 10 10 6.00 16.40 85.00 1.84
0.00 288.105 -33.25341 25.30 10 10 5.60 17.90 95.00 2.85
0.00 288.211 -33.25341 28.70 10 10 5.30 19.50 89.00 0.00
0.00 288.316 -33.25341 32.20 10 10 5.00 21.00 100.00 0.00
0.00 288.421 -33.25341 36.10 10 10 4.80 22.40 89.00 0.00
0.00 288.526 -33.25341 40.20 10 10 4.60 23.50 87.00 0.00
0.00 288.632 -33.25341 44.60 10 10 4.50 24.50 90.00 0.00
0.00 288.737 -33.25341 49.10 10 10 4.40 25.10 97.00 0.00
0.00 288.842 -33.25341 53.70 10 10 4.40 25.30 90.00 0.00
0.00 288.947 -33.25341 58.30 10 10 4.40 25.20 91.00 0.00
0.00 289.053 -33.25341 62.90 10 10 4.50 24.70 100.00 0.00
0.00 287.158 -33.34332 7.90 10 10 11.50 5.60 99.00 0.42
0.00 287.263 -33.34332 9.00 10 10 10.80 6.70 94.00 0.47
0.00 287.368 -33.34332 10.20 10 10 10.20 8.00 98.00 0.79
0.00 287.474 -33.34332 11.70 10 10 9.70 9.30 98.00 1.21
0.00 287.579 -33.34332 13.40 10 10 9.10 10.60 97.00 1.55
0.00 287.684 -33.34332 15.30 10 10 8.60 12.00 94.00 1.99
0.00 287.789 -33.34332 17.50 10 10 8.10 13.50 86.00 3.63
0.00 287.895 -33.34332 19.90 10 10 7.70 15.00 99.00 2.01
0.00 288 -33.34332 22.70 10 10 7.20 16.50 100.00 2.66
0.00 288.105 -33.34332 25.70 10 10 6.90 18.00 97.00 2.68
0.00 288.211 -33.34332 29.00 10 10 6.50 19.60 95.00 0.00
0.00 288.316 -33.34332 32.60 10 10 6.20 21.10 94.00 0.00
0.00 288.421 -33.34332 36.50 10 10 6.00 22.50 94.00 0.00
0.00 288.526 -33.34332 40.60 10 10 5.80 23.60 88.00 0.00
0.00 288.632 -33.34332 45.00 10 10 5.60 24.60 94.00 0.00
0.00 288.737 -33.34332 49.50 10 10 5.50 25.20 85.00 0.00
0.00 288.842 -33.34332 54.10 10 10 5.50 25.40 97.00 0.00
0.00 288.947 -33.34332 58.70 10 10 5.50 25.20 97.00 0.00
0.00 289.053 -33.34332 63.30 10 10 5.70 24.70 92.00 0.00
0.00 287.158 -33.43324 8.10 10 10 13.00 5.80 91.00 0.37
0.00 287.263 -33.43324 9.20 10 10 12.30 6.90 93.00 0.58
0.00 287.368 -33.43324 10.50 10 10 11.70 8.20 99.00 0.94
0.00 287.474 -33.43324 12.00 10 10 11.10 9.50 98.00 1.17
0.00 287.579 -33.43324 13.70 10 10 10.50 10.80 88.00 1.48
0.00 287.684 -33.43324 15.60 10 10 10.00 12.20 96.00 2.47
0.00 287.789 -33.43324 17.80 10 10 9.50 13.70 90.00 1.47
0.00 287.895 -33.43324 20.30 10 10 9.00 15.20 90.00 1.51
0.00 288 -33.43324 23.10 10 10 8.60 16.70 98.00 2.67
0.00 288.105 -33.43324 26.10 10 10 8.20 18.20 92.00 2.39
0.00 288.211 -33.43324 29.50 10 10 7.80 19.80 89.00 0.00
0.00 288.316 -33.43324 33.10 10 10 7.50 21.30 100.00 0.00
0.00 288.421 -33.43324 37.00 10 10 7.30 22.60 92.00 0.00
0.00 288.526 -33.43324 41.10 10 10 7.00 23.80 91.00 0.00
0.00 288.632 -33.43324 45.50 10 10 6.90 24.70 93.00 0.00
0.00 288.737 -33.43324 50.00 10 10 6.80 25.20 89.00 0.00
0.00 288.842 -33.43324 54.60 10 10 6.70 25.50 89.00 0.00
0.00 288.947 -33.43324 59.20 10 10 6.80 25.30 92.00 0.00
0.00 289.053 -33.43324 63.80 10 10 6.90 24.80 91.00 0.00
0.00 287.158 -33.52316 8.40 10 10 14.50 6.00 95.00 0.66
0.00 287.263 -33.52316 9.50 10 10 13.80 7.20 89.00 0.68
0.00 287.368 -33.52316 10.80 10 10 13.10 8.40 87.00 0.93
0.00 287.474 -33.52316 12.30 10 10 12.50 9.70 88.00 1.05
0.00 287.579 -33.52316 14.10 10 10 11.90 11.10 88.00 2.03
0.00 287.684 -33.52316 16.00 10 10 11.40 12.50 90.00 2.25
0.00 287.789 -33.52316 18.30 10 10 10.90 13.90 87.00 1.01
0.00 287.895 -33.52316 20.80 10 10 10.50 15.40 95.00 1.61
0.00 288 -33.52316 23.60 10 10 10.00 16.90 93.00 2.31
0.00 288.105 -33.52316 26.60 10 10 9.60 18.40 87.00 0.00
0.00 288.211 -33.52316 30.00 10 10 9.30 20.00 91.00 0.00
0.00 288.316 -33.52316 33.60 10 10 8.90 21.40 94.00 0.00
0.00 288.421 -33.52316 37.50 10 10 8.60 22.80 86.00 0.00
0.00 288.526 -33.52316 41.70 10 10 8.40 23.90 87.00 0.00
0.00 288.632 -33.52316 46.10 10 10 8.20 24.80 92.00 0.00
0.00 288.737 -33.52316 50.60 10 10 8.10 25.40 97.00 0.00
0.00 288.842 -33.52316 55.20 10 10 8.00 25.50 90.00 0.00
0.00 288.947 -33.52316 59.80 10 10 8.10 25.40 88.00 0.00
0.00 289.053 -33.52316 64.40 10 10 8.20 24.90 87.00 0.00
0.00 287.158 -33.61308 8.70 10 10 15.90 6.30 94.00 0.98
0.00 287.263 -33.61308 9.80 10 10 15.20 7.50 100.00 0.68
0.00 287.368 -33.61308 11.20 10 10 14.50 8.70 95.00 0.69
0.00 287.474 -33.61308 12.70 10 10 13.90 10.00 88.00 1.02
0.00 287.579 -33.61308 14.50 10 10 13.40 11.30 95.00 1.23
0.00 287.684 -33.61308 16.50 10 10 12.80 12.70 99.00 1.38
0.00 287.789 -33.61308 18.80 10 10 12.30 14.20 87.00 1.16
0.00 287.895 -33.61308 21.30 10 10 11.90 15.60 92.00 0.00
0.00 288 -33.61308 24.10 10 10 11.40 17.20 96.00 0.00
0.00 288.105 -33.61308 27.20 10 10 11.00 18.70 90.00 0.00
0.00 288.211 -33.61308 30.60 10 10 10.70 20.20 94.00 0.00
0.00 288.316 -33.61308 34.30 10 10 10.30 21.70 97.00 0.00
0.00 288.421 -33.61308 38.20 10 10 10.00 23.00 91.00 0.00
0.00 288.526 -33.61308 42.40 10 10 9.80 24.10 89.00 0.00
0.00 288.632 -33.61308 46.80 10 10 9.60 25.00 86.00 0.00
0.00 288.737 -33.61308 51.40 10 10 9.40 25.50 96.00 0.00
0.00 288.842 -33.61308 56.00 10 10 9.40 25.60 97.00 0.00
0.00 288.947 -33.61308 60.60 10 10 9.40 25.50 99.00 0.00
0.00 289.053 -33.61308 65.10 10 10 9.60 25.00 97.00 0.00
0.00 287.158 -33.70300 9.00 10 10 17.30 6.60 96.00 0.00
0.00 287.263 -33.70300 10.20 10 10 16.60 7.80 89.00 0.00
0.00 287.368 -33.70300 11.60 10 10 15.90 9.00 86.00 0.00
0.00 287.474 -33.70300 13.20 10 10 15.30 10.30 93.00 0.00
0.00 287.579 -33.70300 15.00 10 10 14.70 11.70 95.00 0.00
0.00 287.684 -33.70300 17.10 10 10 14.20 13.00 92.00 0.00
0.00 287.789 -33.70300 19.40 10 10 13.70 14.50 92.00 0.00
0.00 287.895 -33.70300 22.00 10 10 13.20 16.00 90.00 0.00
0.00 288 -33.70300 24.80 10 10 12.80 17.50 100.00 0.00
0.00 288.105 -33.70300 27.90 10 10 12.40 19.00 87.00 0.00
0.00 288.211 -33.70300 31.40 10 10 12.00 20.50 95.00 0.00
0.00 288.316 -33.70300 35.10 10 10 11.70 22.00 92.00 0.00
0.00 288.421 -33.70300 39.00 10 10 11.40 23.20 92.00 0.00
0.00 288.526 -33.70300 43.20 10 10 11.10 24.30 91.00 0.00
0.00 288.632 -33.70300 47.70 10 10 10.90 25.10 89.00 0.00
0.00 288.737 -33.70300 52.20 10 10 10.70 25.60 98.00 0.00
0.00 288.842 -33.70300 56.80 10 10 10.70 25.80 85.00 0.00
0.00 288.947 -33.70300 61.40 10 10 10.70 25.60 85.00 0.00
0.00 287.158 -33.79292 9.40 10 10 18.60 7.00 96.00 0.00
0.00 287.263 -33.79292 10.60 10 10 17.90 8.10 90.00 0.00
0.00 287.368 -33.79292 12.00 10 10 17.20 9.40 99.00 0.00
0.00 287.474 -33.79292 13.70 10 10 16.60 10.70 99.00 0.00
0.00 287.579 -33.79292 15.50 10 10 16.00 12.00 86.00 0.00
0.00 287.684 -33.79292 17.70 10 10 15.50 13.40 97.00 0.00
0.00 287.789 -33.79292 20.00 10 10 15.00 14.80 100.00 0.00
0.00 287.895 -33.79292 22.60 10 10 14.50 16.30 93.00 0.00
0.00 288 -33.79292 25.50 10 10 14.10 17.80 91.00 0.00
0.00 288.105 -33.79292 28.70 10 10 13.70 19.40 88.00 0.00
0.00 288.211 -33.79292 32.20 10 10 13.30 20.90 92.00 0.00
0.00 288.316 -33.79292 35.90 10 10 13.00 22.30 93.00 0.00
0.00 288.421 -33.79292 39.90 10 10 12.70 23.50 93.00 0.00
0.00 288.526 -33.79292 44.20 10 10 12.40 24.50 91.00 0.00
0.00 288.632 -33.79292 48.60 10 10 12.20 25.30 87.00 0.00
0.00 288.737 -33.79292 53.20 10 10 12.00 25.80 86.00 0.00
0.00 288.842 -33.79292 57.70 10 10 12.00 25.90 86.00 0.00
0.00 288.947 -33.79292 62.30 10 10 12.00 25.70 93.00 0.00
0.00 287.053 -33.88283 8.70 10 10 20.60 6.20 98.00 0.00
0.00 287.158 -33.88283 9.80 10 10 19.80 7.30 100.00 0.00
0.00 287.263 -33.88283 11.10 10 10 19.00 8.50 100.00 0.00
0.00 287.368 -33.88283 12.50 10 10 18.40 9.70 87.00 0.00
0.00 287.474 -33.88283 14.20 10 10 17.70 11.10 93.00 0.00
0.00 287.579 -33.88283 16.20 10 10 17.10 12.40 91.00 0.00
0.00 287.684 -33.88283 18.30 10 10 16.60 13.80 97.00 0.00
0.00 287.789 -33.88283 20.70 10 10 16.10 15.20 98.00 0.00
0.00 287.895 -33.88283 23.40 10 10 15.70 16.70 96.00 0.00
0.00 288 -33.88283 26.40 10 10 15.20 18.20 87.00 0.00
0.00 288.105 -33.88283 29.60 10 10 14.80 19.70 89.00 0.00
0.00 288.211 -33.88283 33.10 10 10 14.50 21.20 97.00 0.00
0.00 288.316 -33.88283 36.90 10 10 14.10 22.60 98.00 0.00
0.00 288.421 -33.88283 40.90 10 10 13.80 23.80 95.00 0.00
0.00 288.526 -33.88283 45.20 10 10 13.60 24.80 98.00 0.00
0.00 288.632 -33.88283 49.70 10 10 13.30 25.50 97.00 0.00
0.00 288.737 -33.88283 54.20 10 10 13.20 25.90 97.00 0.00
0.00 288.842 -33.88283 58.80 10 10 13.20 26.00 95.00 0.00
0.00 288.947 -33.88283 63.40 10 10 13.20 25.80 91.00 0.00
0.00 287.053 -33.97275 9.10 10 10 21.60 6.60 95.00 0.00
0.00 287.158 -33.97275 10.30 10 10 20.80 7.70 88.00 0.00
0.00 287.263 -33.97275 11.60 10 10 20.10 8.90 86.00 0.00
0.00 287.368 -33.97275 13.10 10 10 19.40 10.20 92.00 0.00
0.00 287.474 -33.97275 14.90 10 10 18.80 11.50 90.00 0.00
0.00 287.579 -33.97275 16.80 10 10 18.20 12.80 95.00 0.00
0.00 287.684 -33.97275 19.10 10 10 17.60 14.20 89.00 0.00
0.00 287.789 -33.97275 21.50 10 10 17.10 15.70 88.00 0.00
0.00 287.895 -33.97275 24.30 10 10 16.70 17.10 88.00 0.00
0.00 288 -33.97275 27.30 10 10 16.30 18.70 98.00 0.00
0.00 288.105 -33.97275 30.50 10 10 15.90 20.10 97.00 0.00
0.00 288.211 -33.97275 34.10 10 10 15.50 21.60 96.00 0.00
0.00 288.316 -33.97275 38.00 10 10 15.20 22.90 93.00 0.00
0.00 288.421 -33.97275 42.00 10 10 14.90 24.10 97.00 0.00
0.00 288.526 -33.97275 46.30 10 10 14.60 25.00 100.00 0.00
0.00 288.632 -33.97275 50.80 10 10 14.40 25.70 98.00 0.00
0.00 288.737 -33.97275 55.40 10 10 14.30 26.10 91.00 0.00
0.00 288.842 -33.97275 60.00 10 10 14.30 26.10 85.00 0.00
0.00 288.947 -33.97275 64.50 10 10 14.40 25.90 99.00 0.00
0.00 286.947 -34.06267 8.60 10 10 23.30 6.00 85.00 0.00
0.00 287.053 -34.06267 9.60 10 10 22.50 7.00 85.00 0.00
0.00 287.158 -34.06267 10.80 10 10 21.70 8.10 93.00 0.00
0.00 287.263 -34.06267 12.10 10 10 21.00 9.30 93.00 0.00
0.00 287.368 -34.06267 13.70 10 10 20.30 10.60 93.00 0.00
0.00 287.474 -34.06267 15.50 10 10 19.70 11.90 92.00 0.00
0.00 287.579 -34.06267 17.60 10 10 19.10 13.20 99.00 0.00
0.00 287.684 -34.06267 19.90 10 10 18.50 14.60 87.00 0.00
0.00 287.789 -34.06267 22.40 10 10 18.00 16.10 95.00 0.00
0.00 287.895 -34.06267 25.20 10 10 17.60 17.60 97.00 0.00
0.00 288 -34.06267 28.30 10 10 17.20 19.10 100.00 0.00
0.00 288.105 -34.06267 31.60 10 10 16.80 20.60 93.00 0.00
0.00 288.211 -34.06267 35.20 10 10 16.40 22.00 85.00 0.00
0.00 288.316 -34.06267 39.10 10 10 16.10 23.30 94.00 0.00
0.00 288.421 -34.06267 43.20 10 10 15.80 24.40 85.00 0.00
0.00 288.526 -34.06267 47.50 10 10 15.60 25.30 89.00 0.00
0.00 288.632 -34.06267 52.10 10 10 15.40 25.90 88.00 0.00
0.00 288.737 -34.06267 56.60 10 10 15.30 26.20 99.00 0.00
0.00 288.842 -34.06267 61.20 10 10 15.30 26.20 93.00 0.00
0.00 288.947 -34.06267 65.80 10 10 15.40 26.00 89.00 0.00
0.00 286.947 -34.15259 9.00 10 10 24.00 6.40 89.00 0.00
0.00 287.053 -34.15259 10.10 10 10 23.20 7.40 91.00 0.00
0.00 287.158 -34.15259 11.30 10 10 22.40 8.60 94.00 0.00
0.00 287.263 -34.15259 12.80 10 10 21.70 9.80 95.00 0.00
0.00 287.368 -34.15259 14.40 10 10 21.10 11.00 93.00 0.00
0.00 287.474 -34.15259 16.30 10 10 20.40 12.30 90.00 0.00
0.00 287.579 -34.15259 18.40 10 10 19.90 13.70 88.00 0.00
0.00 287.684 -34.15259 20.70 10 10 19.30 15.10 90.00 0.00
0.00 287.789 -34.15259 23.30 10 10 18.80 16.60 90.00 0.00
0.00 287.895 -34.15259 26.20 10 10 18.40 18.10 93.00 0.00
0.00 288 -34.15259 29.30 10 10 17.90 19.50 96.00 0.00
0.00 288.105 -34.15259 32.70 10 10 17.50 21.00 86.00 0.00
0.00 288.211 -34.15259 36.40 10 10 17.20 22.40 90.00 0.00
0.00 288.316 -34.15259 40.30 10 10 16.90 23.60 96.00 0.00
0.00 288.421 -34.15259 44.50 10 10 16.60 24.70 89.00 0.00
0.00 288.526 -34.15259 48.80 10 10 16.40 25.50 99.00 0.00
0.00 288.632 -34.15259 53.40 10 10 16.20 26.10 93.00 0.00
0.00 288.737 -34.15259 58.00 10 10 16.10 26.30 98.00 0.00
0.00 288.842 -34.15259 62.60 10 10 16.10 26.30 100.00 0.00
0.00 286.842 -34.24251 8.50 10 10 25.20 5.80 98.00 0.00
0.00 286.947 -34.24251 9.50 10 10 24.50 6.80 99.00 0.00
0.00 287.053 -34.24251 10.60 10 10 23.80 7.90 93.00 0.00
0.00 287.158 -34.24251 11.90 10 10 23.10 9.00 93.00 0.00
0.00 287.263 -34.24251 13.40 10 10 22.40 10.20 89.00 0.00
0.00 287.368 -34.24251 15.10 10 10 21.70 11.50 90.00 0.00
0.00 287.474 -34.24251 17.10 10 10 21.10 12.80 88.00 0.00
0.00 287.579 -34.24251 19.20 10 10 20.50 14.20 92.00 0.00
0.00 287.684 -34.24251 21.60 10 10 20.00 15.60 91.00 0.00
0.00 287.789 -34.24251 24.30 10 10 19.50 17.00 88.00 0.00
0.00 287.895 -34.24251 27.20 10 10 19.00 18.50 90.00 0.00
0.00 288 -34.24251 30.40 10 10 18.60 20.00 92.00 0.00
0.00 288.105 -34.24251 33.90 10 10 18.20 21.40 88.00 0.00
0.00 288.211 -34.24251 37.70 10 10 17.90 22.80 91.00 0.00
0.00 288.316 -34.24251 41.70 10 10 17.60 24.00 91.00 0.00
0.00 288.421 -34.24251 45.90 10 10 17.30 25.00 92.00 0.00
0.00 288.526 -34.24251 50.20 10 10 17.10 25.80 85.00 0.00
0.00 288.632 -34.24251 54.80 10 10 17.00 26.30 85.00 0.00
0.00 288.737 -34.24251 59.40 10 10 16.90 26.50 98.00 0.00
0.00 288.842 -34.24251 64.00 10 10 16.90 26.40 98.00 0.00
0.00 286.737 -34.33243 8.10 10 10 26.20 5.40 93.00 0.00
0.00 286.842 -34.33243 8.90 10 10 25.60 6.20 95.00 0.00
0.00 286.947 -34.33243 10.00 10 10 24.90 7.20 88.00 0.00
0.00 287.053 -34.33243 11.20 10 10 24.30 8.30 90.00 0.00
0.00 287.158 -34.33243 12.60 10 10 23.60 9.50 94.00 0.00
0.00 287.263 -34.33243 14.10 10 10 22.90 10.70 88.00 0.00
0.00 287.368 -34.33243 15.90 10 10 22.30 11.90 98.00 0.00
0.00 287.474 -34.33243 17.90 10 10 21.70 13.30 96.00 0.00
0.00 287.579 -34.33243 20.10 10 10 21.10 14.60 90.00 0.00
0.00 287.684 -34.33243 22.60 10 10 20.60 16.10 96.00 0.00
0.00 287.789 -34.33243 25.30 10 10 20.10 17.50 98.00 0.00
0.00 287.895 -34.33243 28.40 10 10 19.60 19.00 87.00 0.00
0.00 288 -34.33243 31.60 10 10 19.20 20.50 93.00 0.00
0.00 288.105 -34.33243 35.20 10 10 18.80 21.90 85.00 0.00
0.00 288.211 -34.33243 39.00 10 10 18.50 23.20 90.00 0.00
0.00 288.316 -34.33243 43.00 10 10 18.20 24.40 90.00 0.00
0.00 288.421 -34.33243 47.30 10 10 17.90 25.30 89.00 0.00
0.00 288.526 -34.33243 51.70 10 10 17.80 26.00 100.00 0.00
0.00 288.632 -34.33243 56.30 10 10 17.60 26.40 97.00 0.00
0.00 288.737 -34.33243 60.80 10 10 17.60 26.60 96.00 0.00
0.00 286.737 -34.42234 8.50 10 10 26.50 5.70 96.00 0.00
0.00 286.842 -34.42234 9.40 10 10 26.00 6.70 95.00 0.00
0.00 286.947 -34.42234 10.50 10 10 25.30 7.70 91.00 0.00
0.00 287.053 -34.42234 11.80 10 10 24.70 8.80 93.00 0.00
0.00 287.158 -34.42234 13.20 10 10 24.00 9.90 97.00 0.00
0.00 287.263 -34.42234 14.90 10 10 23.40 11.20 91.00 0.00
0.00 287.368 -34.42234 16.70 10 10 22.80 12.40 94.00 0.00
0.00 287.474 -34.42234 18.80 10 10 22.20 13.80 94.00 0.00
0.00 287.579 -34.42234 21.10 10 10 21.70 15.10 85.00 0.00
0.00 287.684 -34.42234 23.70 10 10 21.10 16.60 95.00 0.00
0.00 287.789 -34.42234 26.50 10 10 20.70 18.00 93.00 0.00
0.00 287.895 -34.42234 29.60 10 10 20.20 19.50 85.00 0.00
0.00 288 -34.42234 32.90 10 10 19.80 21.00 95.00 0.00
0.00 288.105 -34.42234 36.50 10 10 19.40 22.30 98.00 0.00
0.00 288.211 -34.42234 40.40 10 10 19.10 23.60 97.00 0.00
0.00 288.316 -34.42234 44.50 10 10 18.80 24.70 97.00 0.00
0.00 288.421 -34.42234 48.80 10 10 18.50 25.60 93.00 0.00
0.00 288.526 -34.42234 53.20 10 10 18.30 26.20 99.00 0.00
0.00 288.632 -34.42234 57.80 10 10 18.20 26.60 100.00 0.00
0.00 288.737 -34.42234 62.40 10 10 18.20 26.70 88.00 0.00
0.00 286.632 -34.51226 8.10 10 10 27.20 5.30 87.00 0.00
0.00 286.737 -34.51226 9.00 10 10 26.80 6.20 87.00 0.00
0.00 286.842 -34.51226 10.00 10 10 26.30 7.10 87.00 0.00
0.00 286.947 -34.51226 11.10 10 10 25.70 8.20 100.00 0.00
0.00 287.053 -34.51226 12.50 10 10 25.10 9.30 94.00 0.00
0.00 287.158 -34.51226 14.00 10 10 24.50 10.40 92.00 0.00
0.00 287.263 -34.51226 15.70 10 10 23.90 11.60 89.00 0.00
0.00 287.368 -34.51226 17.60 10 10 23.30 12.90 86.00 0.00
0.00 287.474 -34.51226 19.80 10 10 22.70 14.30 90.00 0.00
0.00 287.579 -34.51226 22.10 10 10 22.20 15.70 95.00 0.00
0.00 287.684 -34.51226 24.80 10 10 21.70 17.10 96.00 0.00
0.00 287.789 -34.51226 27.60 10 10 21.20 18.50 92.00 0.00
0.00 287.895 -34.51226 30.80 10 10 20.70 20.00 90.00 0.00
0.00 288 -34.51226 34.20 10 10 20.30 21.40 87.00 0.00
0.00 288.105 -34.51226 37.90 10 10 19.90 22.80 96.00 0.00
0.00 288.211 -34.51226 41.80 10 10 19.60 24.00 94.00 0.00
0.00 288.316 -34.51226 46.00 10 10 19.30 25.00 92.00 0.00
0.00 288.421 -34.51226 50.30 10 10 19.00 25.80 100.00 0.00
0.00 288.526 -34.51226 54.80 10 10 18.90 26.40 90.00 0.00
0.00 288.632 -34.51226 59.40 10 10 18.70 26.70 93.00 0.00
0.00 286.632 -34.60218 8.50 10 10 27.40 5.70 97.00 0.00
0.00 286.737 -34.60218 9.50 10 10 27.00 6.60 93.00 0.00
0.00 286.842 -34.60218 10.50 10 10 26.60 7.60 91.00 0.00
0.00 286.947 -34.60218 11.80 10 10 26.00 8.60 99.00 0.00
0.00 287.053 -34.60218 13.20 10 10 25.50 9.80 100.00 0.00
0.00 287.158 -34.60218 14.80 10 10 24.90 10.90 91.00 0.00
0.00 287.263 -34.60218 16.60 10 10 24.30 12.20 85.00 0.00
0.00 287.368 -34.60218 18.50 10 10 23.70 13.40 99.00 0.00
0.00 287.474 -34.60218 20.80 10 10 23.20 14.80 94.00 0.00
0.00 287.579 -34.60218 23.20 10 10 22.60 16.20 86.00 0.00
0.00 287.684 -34.60218 25.90 10 10 22.10 17.60 86.00 0.00
0.00 287.789 -34.60218 28.90 10 10 21.70 19.10 86.00 0.00
0.00 287.895 -34.60218 32.10 10 10 21.20 20.50 98.00 0.00
0.00 288 -34.60218 35.60 10 10 20.80 21.90 97.00 0.00
0.00 288.105 -34.60218 39.40 10 10 20.40 23.20 97.00 0.00
0.00 288.211 -34.60218 43.40 10 10 20.10 24.40 92.00 0.00
0.00 288.316 -34.60218 47.60 10 10 19.80 25.30 100.00 0.00
0.00 288.421 -34.60218 51.90 10 10 19.50 26.10 88.00 0.00
0.00 288.526 -34.60218 56.40 10 10 19.30 26.60 95.00 0.00
0.00 286.526 -34.69210 8.10 10 10 27.90 5.30 94.00 0.00
0.00 286.632 -34.69210 9.00 10 10 27.60 6.20 100.00 0.00
0.00 286.737 -34.69210 10.00 10 10 27.30 7.10 89.00 0.00
0.00 286.842 -34.69210 11.20 10 10 26.90 8.10 94.00 0.00
0.00 286.947 -34.69210 12.50 10 10 26.40 9.20 98.00 0.00
0.00 287.053 -34.69210 13.90 10 10 25.90 10.30 91.00 0.00
0.00 287.158 -34.69210 15.60 10 10 25.30 11.50 94.00 0.00
0.00 287.263 -34.69210 17.50 10 10 24.80 12.70 88.00 0.00
0.00 287.368 -34.69210 19.50 10 10 24.20 14.00 92.00 0.00
0.00 287.474 -34.69210 21.80 10 10 23.70 15.30 93.00 0.00
0.00 287.579 -34.69210 24.40 10 10 23.10 16.70 98.00 0.00
0.00 287.684 -34.69210 27.20 10 10 22.60 18.20 87.00 0.00
0.00 287.789 -34.69210 30.20 10 10 22.20 19.60 91.00 0.00
0.00 287.895 -34.69210 33.50 10 10 21.70 21.00 98.00 0.00
0.00 288 -34.69210 37.10 10 10 21.30 22.40 88.00 0.00
0.00 288.105 -34.69210 40.90 10 10 20.90 23.60 92.00 0.00
0.00 288.211 -34.69210 45.00 10 10 20.50 24.70 89.00 0.00
0.00 288.316 -34.69210 49.20 10 10 20.20 25.60 96.00 0.00
0.00 288.421 -34.69210 53.60 10 10 20.00 26.30 91.00 0.00
0.00 288.526 -34.69210 58.10 10 10 19.70 26.70 99.00 0.00
0.00 286.421 -34.78202 7.80 10 10 28.20 5.00 91.00 0.00
0.00 286.526 -34.78202 8.60 10 10 28.10 5.80 86.00 0.00
0.00 286.632 -34.78202 9.60 10 10 27.90 6.70 85.00 0.00
0.00 286.737 -34.78202 10.60 10 10 27.60 7.60 89.00 0.00
0.00 286.842 -34.78202 11.80 10 10 27.30 8.60 95.00 0.00
0.00 286.947 -34.78202 13.20 10 10 26.80 9.70 98.00 0.00
0.00 287.053 -34.78202 14.80 10 10 26.30 10.80 86.00 0.00
0.00 287.158 -34.78202 16.50 10 10 25.80 12.00 90.00 0.00
0.00 287.263 -34.78202 18.40 10 10 25.30 13.20 88.00 0.00
0.00 287.368 -34.78202 20.60 10 10 24.70 14.50 95.00 0.00
0.00 287.474 -34.78202 23.00 10 10 24.20 15.90 96.00 0.00
0.00 287.579 -34.78202 25.60 10 10 23.60 17.30 86.00 0.00
0.00 287.684 -34.78202 28.50 10 10 23.10 18.70 88.00 0.00
0.00 287.789 -34.78202 31.60 10 10 22.60 20.10 85.00 0.00
0.00 287.895 -34.78202 35.00 10 10 22.20 21.50 95.00 0.00
0.00 288 -34.78202 38.60 10 10 21.70 22.80 91.00 0.00
0.00 288.105 -34.78202 42.50 10 10 21.30 24.00 99.00 0.00
0.00 288.211 -34.78202 46.60 10 10 21.00 25.00 90.00 0.00
0.00 288.316 -34.78202 50.90 10 10 20.60 25.90 86.00 0.00
0.00 288.421 -34.78202 55.30 10 10 20.30 26.40 86.00 0.00
0.00 288.526 -34.78202 59.80 10 10 20.10 26.80 85.00 0.00
0.00 286.421 -34.87193 8.30 10 10 28.30 5.40 93.00 0.00
0.00 286.526 -34.87193 9.10 10 10 28.30 6.30 89.00 0.00
0.00 286.632 -34.87193 10.10 10 10 28.20 7.20 97.00 0.00
0.00 286.737 -34.87193 11.30 10 10 27.90 8.10 97.00 0.00
0.00 286.842 -34.87193 12.50 10 10 27.70 9.20 96.00 0.00
0.00 286.947 -34.87193 14.00 10 10 27.30 10.20 91.00 0.00
0.00 287.053 -34.87193 15.60 10 10 26.80 11.40 87.00 0.00
0.00 287.158 -34.87193 17.50 10 10 26.30 12.60 86.00 0.00
0.00 287.263 -34.87193 19.50 10 10 25.80 13.80 99.00 0.00
0.00 287.368 -34.87193 21.70 10 10 25.20 15.10 90.00 0.00
0.00 287.474 -34.87193 24.20 10 10 24.70 16.50 86.00 0.00
0.00 287.579 -34.87193 26.90 10 10 24.10 17.90 91.00 0.00
0.00 287.684 -34.87193 29.80 10 10 23.60 19.30 86.00 0.00
0.00 287.789 -34.87193 33.00 10 10 23.10 20.70 98.00 0.00
0.00 287.895 -34.87193 36.50 10 10 22.60 22.00 96.00 0.00
0.00 288 -34.87193 40.20 10 10 22.10 23.30 97.00 0.00
0.00 288.105 -34.87193 44.10 10 10 21.70 24.40 90.00 0.00
0.00 288.211 -34.87193 48.30 10 10 21.30 25.30 90.00 0.00
0.00 288.316 -34.87193 52.60 10 10 21.00 26.10 92.00 0.00
0.00 288.421 -34.87193 57.00 10 10 20.70 26.60 86.00 0.00
0.00 286.421 -34.96185 8.70 10 10 28.50 5.90 88.00 0.00
0.00 286.526 -34.96185 9.70 10 10 28.50 6.80 95.00 0.00
0.00 286.632 -34.96185 10.70 10 10 28.40 7.70 86.00 0.00
0.00 286.737 -34.96185 12.00 10 10 28.30 8.70 92.00 0.00
0.00 286.842 -34.96185 13.30 10 10 28.00 9.70 85.00 0.00
0.00 286.947 -34.96185 14.90 10 10 27.70 10.80 92.00 0.00
0.00 287.053 -34.96185 16.60 10 10 27.30 12.00 88.00 0.00
0.00 287.158 -34.96185 18.50 10 10 26.80 13.20 95.00 0.00
0.00 287.263 -34.96185 20.60 10 10 26.30 14.40 91.00 0.00
0.00 287.368 -34.96185 22.90 10 10 25.70 15.70 86.00 0.00
0.00 287.474 -34.96185 25.40 10 10 25.20 17.10 98.00 0.00
0.00 287.579 -34.96185 28.20 10 10 24.60 18.40 95.00 0.00
0.00 287.684 -34.96185 31.30 10 10 24.00 19.80 90.00 0.00
0.00 287.789 -34.96185 34.50 10 10 23.50 21.20 93.00 0.00
0.00 287.895 -34.96185 38.10 10 10 23.00 22.50 88.00 0.00
0.00 288 -34.96185 41.80 10 10 22.50 23.70 87.00 0.00
0.00 288.105 -34.96185 45.80 10 10 22.10 24.70 85.00 0.00
0.00 288.211 -34.96185 50.00 10 10 21.60 25.60 92.00 0.00
0.00 288.316 -34.96185 54.40 10 10 21.30 26.20 90.00 0.00
0.00 288.421 -34.96185 58.80 10 10 20.90 26.60 90.00 0.00
0.00 286.316 -35.05177 8.30 10 10 28.50 5.50 100.00 0.00
0.00 286.421 -35.05177 9.20 10 10 28.60 6.40 94.00 0.00
0.00 286.526 -35.05177 10.30 10 10 28.70 7.30 88.00 0.00
0.00 286.632 -35.05177 11.40 10 10 28.70 8.30 91.00 0.00
0.00 286.737 -35.05177 12.70 10 10 28.60 9.30 86.00 0.00
0.00 286.842 -35.05177 14.20 10 10 28.40 10.30 95.00 0.00
0.00 286.947 -35.05177 15.80 10 10 28.10 11.40 88.00 0.00
0.00 287.053 -35.05177 17.60 10 10 27.80 12.60 100.00 0.00
0.00 287.158 -35.05177 19.60 10 10 27.30 13.80 92.00 0.00
0.00 287.263 -35.05177 21.70 10 10 26.80 15.00 100.00 0.00
0.00 287.368 -35.05177 24.10 10 10 26.20 16.30 95.00 0.00
0.00 287.474 -35.05177 26.80 10 10 25.60 17.60 85.00 0.00
0.00 287.579 -35.05177 29.60 10 10 25.00 19.00 90.00 0.00
0.00 287.684 -35.05177 32.80 10 10 24.40 20.30 89.00 0.00
0.00 287.789 -35.05177 36.10 10 10 23.90 21.70 85.00 0.00
0.00 287.895 -35.05177 39.70 10 10 23.30 22.90 96.00 0.00
0.00 288 -35.05177 43.60 10 10 22.80 24.00 95.00 0.00
0.00 288.105 -35.05177 47.60 10 10 22.30 25.00 85.00 0.00
0.00 288.211 -35.05177 51.80 10 10 21.90 25.80 85.00 0.00
0.00 288.316 -35.05177 56.20 10 10 21.50 26.30 95.00 0.00
0.00 286.316 -35.14169 8.80 10 10 28.40 6.10 91.00 0.00
0.00 286.421 -35.14169 9.80 10 10 28.60 7.00 95.00 0.00
0.00 286.526 -35.14169 10.90 10 10 28.70 7.90 96.00 0.00
0.00 286.632 -35.14169 12.10 10 10 28.80 8.90 86.00 0.00
0.00 286.737 -35.14169 13.50 10 10 28.80 9.90 87.00 0.00
0.00 286.842 -35.14169 15.10 10 10 28.70 10.90 85.00 0.00
0.00 286.947 -35.14169 16.80 10 10 28.50 12.00 94.00 0.00
0.00 287.053 -35.14169 18.70 10 10 28.20 13.20 94.00 0.00
0.00 287.158 -35.14169 20.70 10 10 27.70 14.40 92.00 0.00
0.00 287.263 -35.14169 23.00 10 10 27.20 15.60 86.00 0.00
0.00 287.368 -35.14169 25.50 10 10 26.60 16.90 92.00 0.00
0.00 287.474 -35.14169 28.20 10 10 26.00 18.20 97.00 0.00
0.00 287.579 -35.14169 31.10 10 10 25.40 19.50 88.00 0.00
0.00 287.684 -35.14169 34.30 10 10 24.80 20.80 93.00 0.00
0.00 287.789 -35.14169 37.70 10 10 24.10 22.10 94.00 0.00
0.00 287.895 -35.14169 41.40 10 10 23.60 23.30 85.00 0.00
0.00 288 -35.14169 45.30 10 10 23.00 24.30 92.00 0.00
0.00 288.105 -35.14169 49.40 10 10 22.50 25.20 95.00 0.00
0.00 288.211 -35.14169 53.60 10 10 22.10 25.90 95.00 0.00
0.00 288.316 -35.14169 58.00 10 10 21.60 26.40 91.00 0.00
0.00 286.316 -35.23161 9.40 10 10 28.20 6.60 90.00 0.00
0.00 286.421 -35.23161 10.40 10 10 28.50 7.50 96.00 0.00
0.00 286.526 -35.23161 11.60 10 10 28.70 8.50 87.00 0.00
0.00 286.632 -35.23161 12.90 10 10 28.80 9.50 96.00 0.00
0.00 286.737 -35.23161 14.40 10 10 28.90 10.50 88.00 0.00
0.00 286.842 -35.23161 16.00 10 10 28.80 11.60 92.00 0.00
0.00 286.947 -35.23161 17.80 10 10 28.70 12.70 89.00 0.00
0.00 287.053 -35.23161 19.80 10 10 28.40 13.80 90.00 0.00
0.00 287.158 -35.23161 22.00 10 10 28.00 15.00 93.00 0.00
0.00 287.263 -35.23161 24.30 10 10 27.50 16.20 86.00 0.00
0.00 287.368 -35.23161 26.90 10 10 27.00 17.40 93.00 0.00
0.00 287.474 -35.23161 29.70 10 10 26.30 18.70 92.00 0.00
0.00 287.579 -35.23161 32.70 10 10 25.70 20.00 86.00 0.00
0.00 287.684 -35.23161 35.90 10 10 25.00 21.30 88.00 0.00
0.00 287.789 -35.23161 39.40 10 10 24.40 22.50 99.00 0.00
0.00 287.895 -35.23161 43.20 10 10 23.70 23.60 91.00 0.00
0.00 288 -35.23161 47.10 10 10 23.20 24.60 99.00 0.00
0.00 288.105 -35.23161 51.20 10 10 22.70 25.40 92.00 0.00
0.00 288.211 -35.23161 55.50 10 10 22.20 26.00 93.00 0.00
0.00 286.211 -35.32153 8.90 10 10 27.60 6.20 86.00 0.00
0.00 286.316 -35.32153 9.90 10 10 27.90 7.10 87.00 0.00
0.00 286.421 -35.32153 11.10 10 10 28.20 8.10 91.00 0.00
0.00 286.526 -35.32153 12.30 10 10 28.50 9.10 94.00 0.00
0.00 286.632 -35.32153 13.70 10 10 28.70 10.10 100.00 0.00
0.00 286.737 -35.32153 15.30 10 10 28.80 11.10 93.00 0.00
0.00 286.842 -35.32153 17.00 10 10 28.80 12.20 93.00 0.00
0.00 286.947 -35.32153 18.90 10 10 28.70 13.30 94.00 0.00
0.00 287.053 -35.32153 21.00 10 10 28.50 14.40 94.00 0.00
0.00 287.158 -35.32153 23.20 10 10 28.10 15.60 88.00 0.00
0.00 287.263 -35.32153 25.70 10 10 27.70 16.70 89.00 0.00
0.00 287.368 -35.32153 28.30 10 10 27.10 18.00 90.00 0.00
0.00 287.474 -35.32153 31.20 10 10 26.50 19.20 87.00 0.00
0.00 287.579 -35.32153 34.30 10 10 25.80 20.50 98.00 0.00
0.00 287.684 -35.32153 37.60 10 10 25.10 21.70 97.00 0.00
0.00 287.789 -35.32153 41.20 10 10 24.40 22.80 99.00 0.00
0.00 287.895 -35.32153 44.90 10 10 23.80 23.90 94.00 0.00
0.00 288 -35.32153 48.90 10 10 23.20 24.80 97.00 0.00
0.00 288.105 -35.32153 53.00 10 10 22.70 25.50 91.00 0.00
0.00 288.211 -35.32153 57.30 10 10 22.20 26.00 100.00 0.00
0.00 286.211 -35.41144 9.40 10 10 27.10 6.70 90.00 0.00
0.00 286.316 -35.41144 10.50 10 10 27.40 7.70 94.00 0.00
0.00 286.421 -35.41144 11.80 10 10 27.80 8.60 94.00 0.00
0.00 286.526 -35.41144 13.10 10 10 28.10 9.70 85.00 0.00
0.00 286.632 -35.41144 14.60 10 10 28.30 10.70 93.00 0.00
0.00 286.737 -35.41144 16.30 10 10 28.50 11.70 98.00 0.00
0.00 286.842 -35.41144 18.10 10 10 28.60 12.80 89.00 0.00
0.00 286.947 -35.41144 20.10 10 10 28.60 13.90 93.00 0.00
0.00 287.053 -35.41144 22.20 10 10 28.40 15.00 86.00 0.00
0.00 287.158 -35.41144 24.60 10 10 28.10 16.10 100.00 0.00
0.00 287.263 -35.41144 27.10 10 10 27.60 17.30 90.00 0.00
0.00 287.368 -35.41144 29.80 10 10 27.10 18.50 98.00 0.00
0.00 287.474 -35.41144 32.80 10 10 26.40 19.70 88.00 0.00
0.00 287.579 -35.41144 35.90 10 10 25.80 20.90 87.00 0.00
0.00 287.684 -35.41144 39.30 10 10 25.10 22.00 99.00 0.00
0.00 287.789 -35.41144 42.90 10 10 24.40 23.10 97.00 0.00
0.00 287.895 -35.41144 46.70 10 10 23.80 24.10 86.00 0.00
0.00 288 -35.41144 50.70 10 10 23.20 24.90 85.00 0.00
0.00 288.105 -35.41144 54.90 10 10 22.60 25.50 96.00 0.00
0.00 286.211 -35.50136 10.00 10 10 26.40 7.20 98.00 0.00
0.00 286.316 -35.50136 11.20 10 10 26.80 8.20 87.00 0.00
0.00 286.421 -35.50136 12.50 10 10 27.10 9.20 87.00 0.00
0.00 286.526 -35.50136 13.90 10 10 27.50 10.20 100.00 0.00
0.00 286.632 -35.50136 15.50 10 10 27.80 11.30 99.00 0.00
0.00 286.737 -35.50136 17.30 10 10 28.00 12.30 97.00 0.00
0.00 286.842 -35.50136 19.20 10 10 28.10 13.40 92.00 0.00
0.00 286.947 -35.50136 21.30 10 10 28.20 14.40 85.00 0.00
0.00 287.053 -35.50136 23.50 10 10 28.00 15.50 86.00 0.00
0.00 287.158 -35.50136 25.90 10 10 27.80 16.60 93.00 0.00
0.00 287.263 -35.50136 28.50 10 10 27.40 17.70 87.00 0.00
0.00 287.368 -35.50136 31.30 10 10 26.80 18.90 88.00 0.00
0.00 287.474 -35.50136 34.40 10 10 26.20 20.10 96.00 0.00
0.00 287.579 -35.50136 37.60 10 10 25.60 21.20 89.00 0.00
0.00 287.684 -35.50136 41.00 10 10 24.90 22.30 86.00 0.00
0.00 287.789 -35.50136 44.70 10 10 24.20 23.30 85.00 0.00
0.00 287.895 -35.50136 48.60 10 10 23.60 24.30 98.00 0.00
0.00 288 -35.50136 52.60 10 10 23.00 25.00 98.00 0.00
0.00 288.105 -35.50136 56.70 10 10 22.50 25.50 97.00 0.00
0.00 286.105 -35.59128 9.50 10 10 25.10 6.80 99.00 0.00
0.00 286.211 -35.59128 10.60 10 10 25.50 7.70 98.00 0.00
0.00 286.316 -35.59128 11.80 10 10 25.90 8.70 96.00 0.00
0.00 286.421 -35.59128 13.20 10 10 26.30 9.80 89.00 0.00
0.00 286.526 -35.59128 14.80 10 10 26.70 10.80 96.00 0.00
0.00 286.632 -35.59128 16.50 10 10 27.00 11.80 100.00 0.00
0.00 286.737 -35.59128 18.30 10 10 27.30 12.90 90.00 0.00
0.00 286.842 -35.59128 20.30 10 10 27.50 13.90 98.00 0.00
0.00 286.947 -35.59128 22.50 10 10 27.50 14.90 92.00 0.00
0.00 287.053 -35.59128 24.80 10 10 27.40 16.00 88.00 0.00
0.00 287.158 -35.59128 27.30 10 10 27.20 17.00 86.00 0.00
0.00 287.263 -35.59128 30.00 10 10 26.80 18.10 85.00 0.00
0.00 287.368 -35.59128 32.90 10 10 26.40 19.20 99.00 0.00
0.00 287.474 -35.59128 36.00 10 10 25.80 20.40 90.00 0.00
0.00 287.579 -35.59128 39.30 10 10 25.20 21.50 89.00 0.00
0.00 287.684 -35.59128 42.80 10 10 24.50 22.50 95.00 0.00
0.00 287.789 -35.59128 46.40 10 10 23.90 23.50 93.00 0.00
0.00 287.895 -35.59128 50.30 10 10 23.30 24.30 86.00 0.00
0.00 288 -35.59128 54.40 10 10 22.70 25.00 89.00 0.00
0.00 286.105 -35.68120 10.00 10 10 24.20 7.20 87.00 0.00
0.00 286.211 -35.68120 11.20 10 10 24.60 8.20 97.00 0.00
0.00 286.316 -35.68120 12.50 10 10 24.90 9.30 87.00 0.00
0.00 286.421 -35.68120 14.00 10 10 25.30 10.30 86.00 0.00
0.00 286.526 -35.68120 15.60 10 10 25.70 11.30 98.00 0.00
0.00 286.632 -35.68120 17.40 10 10 26.10 12.40 85.00 0.00
0.00 286.737 -35.68120 19.40 10 10 26.40 13.40 100.00 0.00
0.00 286.842 -35.68120 21.50 10 10 26.60 14.40 90.00 0.00
0.00 286.947 -35.68120 23.70 10 10 26.60 15.40 98.00 0.00
0.00 287.053 -35.68120 26.20 10 10 26.60 16.40 96.00 0.00
0.00 287.158 -35.68120 28.70 10 10 26.40 17.40 86.00 0.00
0.00 287.263 -35.68120 31.50 10 10 26.10 18.50 98.00 0.00
0.00 287.368 -35.68120 34.40 10 10 25.70 19.60 100.00 0.00
0.00 287.474 -35.68120 37.60 10 10 25.10 20.60 99.00 0.00
0.00 287.579 -35.68120 40.90 10 10 24.60 21.70 95.00 0.00
0.00 287.684 -35.68120 44.50 10 10 23.90 22.70 94.00 0.00
0.00 287.789 -35.68120 48.20 10 10 23.40 23.60 98.00 0.00
0.00 287.895 -35.68120 52.10 10 10 22.80 24.40 90.00 0.00
0.00 288 -35.68120 56.10 10 10 22.30 25.00 100.00 0.00
0.00 286 -35.77112 9.40 10 10 22.90 6.70 95.00 0.00
0.00 286.105 -35.77112 10.50 10 10 23.20 7.70 87.00 0.00
0.00 286.211 -35.77112 11.80 10 10 23.50 8.70 96.00 0.00
0.00 286.316 -35.77112 13.20 10 10 23.90 9.70 96.00 0.00
0.00 286.421 -35.77112 14.80 10 10 24.20 10.80 97.00 0.00
0.00 286.526 -35.77112 16.50 10 10 24.60 11.80 87.00 0.00
0.00 286.632 -35.77112 18.40 10 10 24.90 12.80 86.00 0.00
0.00 286.737 -35.77112 20.40 10 10 25.20 13.80 99.00 0.00
0.00 286.842 -35.77112 22.60 10 10 25.40 14.80 96.00 0.00
0.00 286.947 -35.77112 25.00 10 10 25.50 15.80 92.00 0.00
0.00 287.053 -35.77112 27.50 10 10 25.50 16.80 86.00 0.00
0.00 287.158 -35.77112 30.10 10 10 25.40 17.80 98.00 0.00
0.00 287.263 -35.77112 33.00 10 10 25.10 18.80 94.00 0.00
0.00 287.368 -35.77112 36.00 10 10 24.80 19.80 97.00 0.00
0.00 287.474 -35.77112 39.20 10 10 24.30 20.90 89.00 0.00
0.00 287.579 -35.77112 42.60 10 10 23.80 21.90 88.00 0.00
0.00 287.684 -35.77112 46.20 10 10 23.20 22.80 100.00 0.00
0.00 287.789 -35.77112 49.90 10 10 22.70 23.70 96.00 0.00
0.00 287.895 -35.77112 53.90 10 10 22.20 24.40 90.00 0.00
0.00 286 -35.86104 9.90 10 10 21.90 7.10 85.00 0.00
0.00 286.105 -35.86104 11.10 10 10 22.10 8.10 97.00 0.00
0.00 286.211 -35.86104 12.40 10 10 22.40 9.20 90.00 0.00
0.00 286.316 -35.86104 13.90 10 10 22.70 10.20 85.00 0.00
0.00 286.421 -35.86104 15.60 10 10 23.00 11.20 93.00 0.00
0.00 286.526 -35.86104 17.40 10 10 23.30 12.30 97.00 0.00
0.00 286.632 -35.86104 19.40 10 10 23.60 13.30 87.00 0.00
0.00 286.737 -35.86104 21.50 10 10 23.90 14.20 87.00 0.00
0.00 286.842 -35.86104 23.70 10 10 24.10 15.20 97.00 0.00
0.00 286.947 -35.86104 26.20 10 10 24.20 16.10 90.00 0.00
0.00 287.053 -35.86104 28.80 10 10 24.30 17.10 85.00 0.00
0.00 287.158 -35.86104 31.50 10 10 24.20 18.00 91.00 0.00
0.00 287.263 -35.86104 34.40 10 10 24.00 19.00 86.00 0.00
0.00 287.368 -35.86104 37.50 10 10 23.60 20.00 86.00 0.00
0.00 287.474 -35.86104 40.70 10 10 23.20 21.00 94.00 0.00
0.00 287.579 -35.86104 44.20 10 10 22.80 22.00 92.00 0.00
0.00 287.684 -35.86104 47.80 10 10 22.30 22.90 96.00 0.00
0.00 287.789 -35.86104 51.60 10 10 21.90 23.70 90.00 0.00
0.00 287.895 -35.86104 55.50 10 10 21.40 24.40 87.00 0.00
0.00 285.895 -35.95095 9.30 10 10 20.80 6.60 98.00 0.00
0.00 286 -35.95095 10.40 10 10 20.90 7.50 94.00 0.00
0.00 286.105 -35.95095 11.60 10 10 21.10 8.50 85.00 0.00
0.00 286.211 -35.95095 13.00 10 10 21.20 9.60 96.00 0.00
0.00 286.316 -35.95095 14.60 10 10 21.50 10.60 85.00 0.00
0.00 286.421 -35.95095 16.30 10 10 21.70 11.70 92.00 0.00
0.00 286.526 -35.95095 18.20 10 10 22.00 12.70 96.00 0.00
0.00 286.632 -35.95095 20.30 10 10 22.20 13.60 90.00 0.00
0.00 286.737 -35.95095 22.50 10 10 22.50 14.60 88.00 0.00
0.00 286.842 -35.95095 24.80 10 10 22.60 15.50 87.00 0.00
0.00 286.947 -35.95095 27.30 10 10 22.80 16.40 92.00 0.00
0.00 287.053 -35.95095 30.00 10 10 22.80 17.30 89.00 0.00
0.00 287.158 -35.95095 32.80 10 10 22.80 18.30 98.00 0.00
0.00 287.263 -35.95095 35.80 10 10 22.60 19.20 91.00 0.00
0.00 287.368 -35.95095 38.90 10 10 22.30 20.20 94.00 0.00
0.00 287.474 -35.95095 42.20 10 10 22.00 21.20 90.00 0.00
0.00 287.579 -35.95095 45.70 10 10 21.70 22.10 86.00 0.00
0.00 287.684 -35.95095 49.40 10 10 21.30 23.00 96.00 0.00
0.00 287.789 -35.95095 53.20 10 10 20.90 23.80 94.00 0.00
0.00 285.895 -36.04087 9.70 10 10 20.00 6.90 91.00 0.00
0.00 286 -36.04087 10.80 10 10 20.00 7.90 94.00 0.00
0.00 286.105 -36.04087 12.20 10 10 20.00 8.90 87.00 0.00
0.00 286.211 -36.04087 13.60 10 10 20.10 10.00 95.00 0.00
0.00 286.316 -36.04087 15.30 10 10 20.20 11.00 92.00 0.00
0.00 286.421 -36.04087 17.10 10 10 20.40 12.00 89.00 0.00
0.00 286.526 -36.04087 19.00 10 10 20.50 13.00 87.00 0.00
0.00 286.632 -36.04087 21.20 10 10 20.70 14.00 92.00 0.00
0.00 286.737 -36.04087 23.50 10 10 20.90 14.90 98.00 0.00
0.00 286.842 -36.04087 25.90 10 10 21.00 15.80 97.00 0.00
0.00 286.947 -36.04087 28.40 10 10 21.20 16.70 91.00 0.00
0.00 287.053 -36.04087 31.20 10 10 21.20 17.60 85.00 0.00
0.00 287.158 -36.04087 34.00 10 10 21.20 18.50 86.00 0.00
0.00 287.263 -36.04087 37.10 10 10 21.10 19.40 95.00 0.00
0.00 287.368 -36.04087 40.30 10 10 20.90 20.40 96.00 0.00
0.00 287.474 -36.04087 43.60 10 10 20.70 21.30 97.00 0.00
0.00 287.579 -36.04087 47.20 10 10 20.40 22.20 91.00 0.00
0.00 287.684 -36.04087 50.90 10 10 20.10 23.10 88.00 0.00
0.00 287.789 -36.04087 54.70 10 10 19.90 23.80 93.00 0.00
0.00 285.789 -36.13079 9.10 10 10 19.40 6.30 91.00 0.00
0.00 285.895 -36.13079 10.10 10 10 19.30 7.20 96.00 0.00
0.00 286 -36.13079 11.30 10 10 19.20 8.20 87.00 0.00
0.00 286.105 -36.13079 12.70 10 10 19.10 9.30 97.00 0.00
0.00 286.211 -36.13079 14.20 10 10 19.00 10.30 86.00 0.00
0.00 286.316 -36.13079 15.90 10 10 19.00 11.30 89.00 0.00
0.00 286.421 -36.13079 17.80 10 10 19.00 12.30 92.00 0.00
0.00 286.526 -36.13079 19.80 10 10 19.00 13.30 85.00 0.00
0.00 286.632 -36.13079 22.00 10 10 19.10 14.20 98.00 0.00
0.00 286.737 -36.13079 24.40 10 10 19.20 15.10 96.00 0.00
0.00 286.842 -36.13079 26.90 10 10 19.30 16.00 88.00 0.00
0.00 286.947 -36.13079 29.50 10 10 19.40 16.90 91.00 0.00
0.00 287.053 -36.13079 32.30 10 10 19.50 17.80 95.00 0.00
0.00 287.158 -36.13079 35.20 10 10 19.50 18.70 100.00 0.00
0.00 287.263 -36.13079 38.30 10 10 19.50 19.60 95.00 0.00
0.00 287.368 -36.13079 41.50 10 10 19.40 20.50 87.00 0.00
0.00 287.474 -36.13079 45.00 10 10 19.20 21.40 96.00 0.00
0.00 287.579 -36.13079 48.60 10 10 19.10 22.30 99.00 0.00
0.00 287.684 -36.13079 52.30 10 10 18.90 23.10 86.00 0.00
0.00 287.789 -36.13079 56.20 10 10 18.80 23.80 87.00 0.00
0.00 285.789 -36.22071 9.40 10 10 18.80 6.60 100.00 0.00
0.00 285.895 -36.22071 10.50 10 10 18.60 7.50 99.00 0.00
0.00 286 -36.22071 11.80 10 10 18.40 8.50 89.00 0.00
0.00 286.105 -36.22071 13.20 10 10 18.20 9.60 90.00 0.00
0.00 286.211 -36.22071 14.80 10 10 17.90 10.60 89.00 0.00
0.00 286.316 -36.22071 16.60 10 10 17.80 11.60 89.00 0.00
0.00 286.421 -36.22071 18.50 10 10 17.60 12.60 88.00 0.00
0.00 286.526 -36.22071 20.60 10 10 17.60 13.50 98.00 0.00
0.00 286.632 -36.22071 22.90 10 10 17.50 14.50 100.00 0.00
0.00 286.737 -36.22071 25.20 10 10 17.50 15.30 93.00 0.00
0.00 286.842 -36.22071 27.80 10 10 17.60 16.20 92.00 0.00
0.00 286.947 -36.22071 30.50 10 10 17.70 17.10 93.00 0.00
0.00 287.053 -36.22071 33.30 10 10 17.70 17.90 88.00 0.00
0.00 287.158 -36.22071 36.30 10 10 17.80 18.80 90.00 0.00
0.00 287.263 -36.22071 39.40 10 10 17.80 19.70 91.00 0.00
0.00 287.368 -36.22071 42.70 10 10 17.80 20.70 92.00 0.00
0.00 287.474 -36.22071 46.20 10 10 17.80 21.60 100.00 0.00
0.00 287.579 -36.22071 49.90 10 10 17.70 22.50 98.00 0.00
0.00 287.684 -36.22071 53.60 10 10 17.70 23.20 100.00 0.00
0.00 287.789 -36.22071 57.60 10 10 17.60 23.80 89.00 0.00
0.00 285.789 -36.31063 9.80 10 10 18.20 6.90 87.00 0.00
0.00 285.895 -36.31063 11.00 10 10 17.90 7.80 97.00 0.00
0.00 286 -36.31063 12.30 10 10 17.60 8.80 96.00 0.00
0.00 286.105 -36.31063 13.70 10 10 17.30 9.80 93.00 0.00
0.00 286.211 -36.31063 15.40 10 10 16.90 10.80 88.00 0.00
0.00 286.316 -36.31063 17.20 10 10 16.60 11.80 88.00 0.00
0.00 286.421 -36.31063 19.20 10 10 16.30 12.80 88.00 0.00
0.00 286.526 -36.31063 21.30 10 10 16.10 13.70 98.00 0.00
0.00 286.632 -36.31063 23.60 10 10 15.90 14.60 92.00 0.00
0.00 286.737 -36.31063 26.00 10 10 15.80 15.50 96.00 0.00
0.00 286.842 -36.31063 28.60 10 10 15.80 16.40 86.00 0.00
0.00 286.947 -36.31063 31.40 10 10 15.80 17.20 85.00 0.00
0.00 287.053 -36.31063 34.30 10 10 15.90 18.10 99.00 0.00
0.00 287.158 -36.31063 37.30 10 10 16.00 19.00 90.00 0.00
0.00 287.263 -36.31063 40.50 10 10 16.10 19.90 96.00 0.00
0.00 287.368 -36.31063 43.80 10 10 16.20 20.80 97.00 0.00
0.00 287.474 -36.31063 47.40 10 10 16.20 21.80 99.00 0.00
0.00 287.579 -36.31063 51.10 10 10 16.30 22.60 86.00 0.00
0.00 287.684 -36.31063 54.90 10 10 16.40 23.30 98.00 0.00
0.00 285.684 -36.40054 9.20 10 10 17.70 6.30 92.00 0.00
0.00 285.789 -36.40054 10.20 10 10 17.50 7.10 98.00 0.00
0.00 285.895 -36.40054 11.40 10 10 17.30 8.10 89.00 0.00
0.00 286 -36.40054 12.70 10 10 16.90 9.10 89.00 0.00
0.00 286.105 -36.40054 14.20 10 10 16.40 10.00 94.00 0.00
0.00 286.211 -36.40054 15.90 10 10 16.00 11.00 92.00 0.00
0.00 286.316 -36.40054 17.80 10 10 15.50 12.00 97.00 0.00
0.00 286.421 -36.40054 19.80 10 10 15.00 12.90 99.00 0.00
0.00 286.526 -36.40054 21.90 10 10 14.70 13.90 89.00 0.00
0.00 286.632 -36.40054 24.30 10 10 14.40 14.80 95.00 0.00
0.00 286.737 -36.40054 26.80 10 10 14.20 15.60 89.00 0.00
0.00 286.842 -36.40054 29.40 10 10 14.10 16.50 97.00 0.00
0.00 286.947 -36.40054 32.20 10 10 14.10 17.40 85.00 0.00
0.00 287.053 -36.40054 35.10 10 10 14.10 18.20 94.00 0.00
0.00 287.158 -36.40054 38.20 10 10 14.20 19.20 90.00 0.00
0.00 287.263 -36.40054 41.40 10 10 14.40 20.10 92.00 0.00
0.00 287.368 -36.40054 44.80 10 10 14.60 21.00 96.00 0.00
0.00 287.474 -36.40054 48.50 10 10 14.80 21.90 93.00 0.00
0.00 287.579 -36.40054 52.20 10 10 15.00 22.80 97.00 0.00
0.00 287.684 -36.40054 56.10 10 10 15.20 23.50 94.00 0.00
0.00 285.684 -36.49046 9.40 10 10 17.00 6.50 85.00 0.00
0.00 285.789 -36.49046 10.50 10 10 16.80 7.40 97.00 0.00
0.00 285.895 -36.49046 11.80 10 10 16.60 8.30 94.00 0.00
0.00 286 -36.49046 13.20 10 10 16.10 9.30 100.00 0.00
0.00 286.105 -36.49046 14.70 10 10 15.60 10.20 100.00 0.00
0.00 286.211 -36.49046 16.50 10 10 15.00 11.20 88.00 0.00
0.00 286.316 -36.49046 18.30 10 10 14.40 12.10 92.00 0.00
0.00 286.421 -36.49046 20.40 10 10 13.80 13.00 92.00 0.00
0.00 286.526 -36.49046 22.50 10 10 13.30 13.90 87.00 0.00
0.00 286.632 -36.49046 24.90 10 10 12.90 14.80 99.00 0.00
0.00 286.737 -36.49046 27.40 10 10 12.60 15.70 86.00 0.00
0.00 286.842 -36.49046 30.10 10 10 12.40 16.60 93.00 0.00
0.00 286.947 -36.49046 32.90 10 10 12.30 17.50 91.00 0.00
0.00 287.053 -36.49046 35.90 10 10 12.40 18.40 89.00 0.00
0.00 287.158 -36.49046 39.00 10 10 12.60 19.30 93.00 0.00
0.00 287.263 -36.49046 42.30 10 10 12.80 20.30 88.00 0.00
0.00 287.368 -36.49046 45.80 10 10 13.10 21.30 94.00 0.00
0.00 287.474 -36.49046 49.40 10 10 13.40 22.20 95.00 0.00
0.00 287.579 -36.49046 53.20 10 10 13.70 23.00 100.00 0.00
0.00 287.684 -36.49046 57.20 10 10 14.00 23.60 86.00 0.00
0.00 285.684 -36.58038 9.80 10 10 16.20 6.80 92.00 0.00
0.00 285.789 -36.58038 10.90 10 10 16.10 7.60 99.00 0.00
0.00 285.895 -36.58038 12.20 10 10 15.80 8.50 94.00 0.00
0.00 286 -36.58038 13.60 10 10 15.40 9.40 98.00 0.00
0.00 286.105 -36.58038 15.20 10 10 14.80 10.30 85.00 0.00
0.00 286.211 -36.58038 17.00 10 10 14.10 11.20 100.00 0.00
0.00 286.316 -36.58038 18.80 10 10 13.40 12.20 97.00 0.00
0.00 286.421 -36.58038 20.90 10 10 12.70 13.10 95.00 0.00
0.00 286.526 -36.58038 23.10 10 10 12.10 14.00 88.00 0.00
0.00 286.632 -36.58038 25.50 10 10 11.50 14.90 99.00 0.00
0.00 286.737 -36.58038 28.00 10 10 11.10 15.80 89.00 0.00
0.00 286.842 -36.58038 30.70 10 10 10.90 16.70 98.00 0.00
0.00 286.947 -36.58038 33.50 10 10 10.80 17.60 93.00 0.00
0.00 287.053 -36.58038 36.50 10 10 10.80 18.60 94.00 0.00
0.00 287.158 -36.58038 39.70 10 10 11.00 19.60 85.00 0.00
0.00 287.263 -36.58038 43.10 10 10 11.30 20.50 85.00 0.00
0.00 287.368 -36.58038 46.60 10 10 11.70 21.50 86.00 0.00
0.00 287.474 -36.58038 50.30 10 10 12.10 22.40 100.00 0.00
0.00 287.579 -36.58038 54.20 10 10 12.50 23.20 87.00 0.00
0.00 287.684 -36.58038 58.20 10 10 12.90 23.90 100.00 0.00
0.00 285.579 -36.67030 9.20 10 10 15.20 6.30 87.00 0.00
0.00 285.684 -36.67030 10.10 10 10 15.30 7.00 91.00 0.00
0.00 285.789 -36.67030 11.30 10 10 15.20 7.80 95.00 0.00
0.00 285.895 -36.67030 12.60 10 10 15.00 8.70 93.00 0.00
0.00 286 -36.67030 14.10 10 10 14.50 9.60 99.00 0.00
0.00 286.105 -36.67030 15.70 10 10 14.00 10.40 85.00 0.00
0.00 286.211 -36.67030 17.40 10 10 13.20 11.30 94.00 0.00
0.00 286.316 -36.67030 19.30 10 10 12.50 12.20 93.00 0.00
0.00 286.421 -36.67030 21.40 10 10 11.70 13.10 97.00 0.00
0.00 286.526 -36.67030 23.60 10 10 11.00 14.00 85.00 0.00
0.00 286.632 -36.67030 26.00 10 10 10.30 14.90 91.00 0.00
0.00 286.737 -36.67030 28.50 10 10 9.80 15.80 96.00 0.00
0.00 286.842 -36.67030 31.20 10 10 9.50 16.70 99.00 0.00
0.00 286.947 -36.67030 34.10 10 10 9.40 17.70 86.00 0.00
0.00 287.053 -36.67030 37.10 10 10 9.40 18.70 88.00 0.00
0.00 287.158 -36.67030 40.40 10 10 9.60 19.80 100.00 0.00
0.00 287.263 -36.67030 43.80 10 10 10.00 20.80 93.00 0.00
0.00 287.368 -36.67030 47.40 10 10 10.40 21.80 96.00 0.00
0.00 287.474 -36.67030 51.20 10 10 10.90 22.70 99.00 0.00
0.00 287.579 -36.67030 55.10 10 10 11.40 23.50 92.00 0.00
0.00 285.579 -36.76022 9.50 10 10 14.00 6.50 99.00 0.00
0.00 285.684 -36.76022 10.40 10 10 14.20 7.20 88.00 0.00
0.00 285.789 -36.76022 11.60 10 10 14.30 8.00 94.00 0.00
0.00 285.895 -36.76022 13.00 10 10 14.10 8.90 89.00 0.00
0.00 286 -36.76022 14.50 10 10 13.70 9.70 86.00 0.00
0.00 286.105 -36.76022 16.10 10 10 13.10 10.50 86.00 0.00
0.00 286.211 -36.76022 17.90 10 10 12.40 11.30 88.00 0.00
0.00 286.316 -36.76022 19.80 10 10 11.60 12.20 88.00 0.00
0.00 286.421 -36.76022 21.80 10 10 10.80 13.00 96.00 0.00
0.00 286.526 -36.76022 24.00 10 10 10.00 13.90 94.00 0.00
0.00 286.632 -36.76022 26.40 10 10 9.30 14.90 93.00 0.00
0.00 286.737 -36.76022 29.00 10 10 8.70 15.80 94.00 0.00
0.00 286.842 -36.76022 31.70 10 10 8.40 16.80 85.00 0.00
0.00 286.947 -36.76022 34.50 10 10 8.20 17.90 88.00 0.00
0.00 287.053 -36.76022 37.70 10 10 8.30 18.90 99.00 0.00
0.00 287.158 -36.76022 40.90 10 10 8.50 20.00 96.00 0.00
0.00 287.263 -36.76022 44.40 10 10 8.90 21.10 91.00 0.00
0.00 287.368 -36.76022 48.10 10 10 9.40 22.10 93.00 0.00
0.00 287.474 -36.76022 51.90 10 10 9.90 23.10 96.00 0.00
0.00 287.579 -36.76022 55.90 10 10 10.50 23.90 89.00 0.00
0.00 285.579 -36.85014 9.60 10 10 12.90 6.60 86.00 0.00
0.00 285.684 -36.85014 10.70 10 10 13.20 7.40 87.00 0.00
0.00 285.789 -36.85014 12.00 10 10 13.20 8.20 93.00 0.00
0.00 285.895 -36.85014 13.40 10 10 13.10 9.00 94.00 0.00
0.00 286 -36.85014 14.90 10 10 12.80 9.80 100.00 0.00
0.00 286.105 -36.85014 16.50 10 10 12.20 10.50 89.00 0.00
0.00 286.211 -36.85014 18.30 10 10 11.60 11.30 97.00 0.00
0.00 286.316 -36.85014 20.20 10 10 10.80 12.20 99.00 0.00
0.00 286.421 -36.85014 22.20 10 10 10.00 13.00 86.00 0.00
0.00 286.526 -36.85014 24.40 10 10 9.20 13.90 100.00 0.00
0.00 286.632 -36.85014 26.80 10 10 8.40 14.80 91.00 0.00
0.00 286.737 -36.85014 29.40 10 10 7.90 15.80 86.00 0.00
0.00 286.842 -36.85014 32.10 10 10 7.50 16.90 99.00 0.00
0.00 286.947 -36.85014 35.00 10 10 7.30 18.00 97.00 0.00
0.00 287.053 -36.85014 38.10 10 10 7.40 19.10 92.00 0.00
0.00 287.158 -36.85014 41.40 10 10 7.60 20.30 99.00 0.00
0.00 287.263 -36.85014 45.00 10 10 8.00 21.40 86.00 0.00
0.00 287.368 -36.85014 48.70 10 10 8.50 22.50 85.00 0.00
0.00 287.474 -36.85014 52.60 10 10 9.10 23.40 88.00 0.00
0.00 287.579 -36.85014 56.70 10 10 9.80 24.20 90.00 0.00
0.00 285.579 -36.94005 9.80 10 10 11.80 6.80 90.00 0.00
0.00 285.684 -36.94005 11.00 10 10 12.00 7.60 92.00 0.00
0.00 285.789 -36.94005 12.30 10 10 12.10 8.40 92.00 0.00
0.00 285.895 -36.94005 13.70 10 10 12.10 9.10 100.00 0.00
0.00 286 -36.94005 15.20 10 10 11.80 9.90 94.00 0.00
0.00 286.105 -36.94005 16.90 10 10 11.40 10.60 92.00 0.00
0.00 286.211 -36.94005 18.70 10 10 10.80 11.30 100.00 0.00
0.00 286.316 -36.94005 20.60 10 10 10.10 12.10 85.00 0.00
0.00 286.421 -36.94005 22.60 10 10 9.30 13.00 93.00 0.00
0.00 286.526 -36.94005 24.80 10 10 8.50 13.80 90.00 0.00
0.00 286.632 -36.94005 27.20 10 10 7.80 14.80 92.00 0.00
0.00 286.737 -36.94005 29.70 10 10 7.30 15.80 89.00 0.00
0.00 286.842 -36.94005 32.50 10 10 6.90 16.90 96.00 0.00
0.00 286.947 -36.94005 35.40 10 10 6.70 18.10 98.00 0.00
0.00 287.053 -36.94005 38.50 10 10 6.80 19.30 87.00 0.00
0.00 287.158 -36.94005 41.90 10 10 7.00 20.60 99.00 0.00
0.00 287.263 -36.94005 45.50 10 10 7.40 21.70 98.00 0.00
0.00 287.368 -36.94005 49.30 10 10 7.90 22.90 87.00 0.00
0.00 287.474 -36.94005 53.30 10 10 8.50 23.80 93.00 0.00
0.00 287.579 -36.94005 57.50 10 10 9.20 24.60 85.00 0.00
0.00 285.579 -37.02997 10.10 10 10 10.70 7.00 86.00 0.00
0.00 285.684 -37.02997 11.30 10 10 10.90 7.80 85.00 0.00
0.00 285.789 -37.02997 12.60 10 10 11.00 8.50 93.00 0.00
0.00 285.895 -37.02997 14.00 10 10 11.00 9.20 92.00 0.00
0.00 286 -37.02997 15.60 10 10 10.90 9.90 100.00 0.00
0.00 286.105 -37.02997 17.20 10 10 10.50 10.60 87.00 0.00
0.00 286.211 -37.02997 19.00 10 10 10.00 11.30 93.00 0.00
0.00 286.316 -37.02997 20.90 10 10 9.40 12.10 98.00 0.00
0.00 286.421 -37.02997 23.00 10 10 8.70 12.90 88.00 0.00
0.00 286.526 -37.02997 25.20 10 10 8.00 13.80 97.00 0.00
0.00 286.632 -37.02997 27.50 10 10 7.40 14.80 96.00 0.00
0.00 286.737 -37.02997 30.10 10 10 6.90 15.90 97.00 0.00
0.00 286.842 -37.02997 32.80 10 10 6.50 17.00 85.00 0.00
0.00 286.947 -37.02997 35.80 10 10 6.40 18.20 87.00 0.00
0.00 287.053 -37.02997 39.00 10 10 6.40 19.50 98.00 0.00
0.00 287.158 -37.02997 42.40 10 10 6.60 20.80 92.00 0.00
0.00 287.263 -37.02997 46.00 10 10 7.00 22.10 93.00 0.00
0.00 287.368 -37.02997 49.90 10 10 7.50 23.20 94.00 0.00
0.00 287.474 -37.02997 54.00 10 10 8.10 24.20 96.00 0.00
0.00 287.579 -37.02997 58.20 10 10 8.70 25.00 85.00 0.00
0.00 285.579 -37.11989 10.30 10 10 9.60 7.20 94.00 0.00
0.00 285.684 -37.11989 11.50 10 10 9.90 7.90 99.00 0.00
0.00 285.789 -37.11989 12.90 10 10 10.00 8.70 85.00 0.00
0.00 285.895 -37.11989 14.30 10 10 10.00 9.30 86.00 0.00
0.00 286 -37.11989 15.90 10 10 9.90 10.00 93.00 0.00
0.00 286.105 -37.11989 17.60 10 10 9.70 10.70 99.00 0.00
0.00 286.211 -37.11989 19.40 10 10 9.30 11.40 86.00 0.00
0.00 286.316 -37.11989 21.30 10 10 8.90 12.10 93.00 0.00
0.00 286.421 -37.11989 23.30 10 10 8.30 12.90 91.00 0.00
0.00 286.526 -37.11989 25.50 10 10 7.70 13.80 94.00 0.00
0.00 286.632 -37.11989 27.90 10 10 7.20 14.80 91.00 0.00
0.00 286.737 -37.11989 30.40 10 10 6.70 15.90 86.00 0.00
0.00 286.842 -37.11989 33.20 10 10 6.40 17.10 87.00 0.00
0.00 286.947 -37.11989 36.10 10 10 6.30 18.40 93.00 0.00
0.00 287.053 -37.11989 39.30 10 10 6.30 19.80 100.00 0.00
0.00 287.158 -37.11989 42.80 10 10 6.40 21.10 97.00 0.00
0.00 287.263 -37.11989 46.50 10 10 6.80 22.40 99.00 0.00
0.00 287.368 -37.11989 50.40 10 10 7.20 23.60 100.00 0.00
0.00 287.474 -37.11989 54.60 10 10 7.80 24.60 97.00 0.00
0.00 287.579 -37.11989 58.90 10 10 8.40 25.40 92.00 0.00
0.00 286.105 -37.20981 17.90 10 10 9.00 10.70 93.00 0.00
0.00 286.211 -37.20981 19.70 10 10 8.70 11.40 91.00 0.00
0.00 286.316 -37.20981 21.60 10 10 8.40 12.10 99.00 0.00
0.00 286.421 -37.20981 23.60 10 10 8.00 12.90 97.00 0.00
0.00 286.526 -37.20981 25.80 10 10 7.60 13.80 98.00 0.00
0.00 286.632 -37.20981 28.20 10 10 7.10 14.80 91.00 0.00
0.00 286.737 -37.20981 30.80 10 10 6.70 16.00 90.00 0.00
0.00 286.842 -37.20981 33.50 10 10 6.50 17.20 98.00 0.00
0.00 286.947 -37.20981 36.50 10 10 6.30 18.60 89.00 0.00
0.00 287.053 -37.20981 39.70 10 10 6.30 20.00 86.00 0.00
0.00 287.158 -37.20981 43.20 10 10 6.50 21.40 87.00 0.00
0.00 287.263 -37.20981 47.00 10 10 6.70 22.70 89.00 0.00
0.00 287.368 -37.20981 51.00 10 10 7.10 23.90 98.00 0.00
0.00 287.474 -37.20981 55.20 10 10 7.60 25.00 89.00 0.00
0.00 287.579 -37.20981 59.60 10 10 8.20 25.70 91.00 0.00
0.00 286.737 -37.29973 31.10 10 10 6.90 16.10 100.00 0.00
0.00 286.842 -37.29973 33.90 10 10 6.70 17.30 94.00 0.00
0.00 286.947 -37.29973 36.90 10 10 6.60 18.70 93.00 0.00
0.00 287.053 -37.29973 40.10 10 10 6.50 20.20 91.00 0.00
0.00 287.158 -37.29973 43.70 10 10 6.60 21.60 86.00 0.00
0.00 287.263 -37.29973 47.50 10 10 6.80 23.00 97.00 0.00
0.00 287.368 -37.29973 51.50 10 10 7.10 24.30 99.00 0.00
0.00 287.474 -37.29973 55.80 10 10 7.50 25.30 93.00 0.00
0.00 287.579 -37.29973 60.20 10 10 8.00 26.10 88.00 0.00
0.00 287.368 -37.38965 52.10 10 10 7.20 24.60 94.00 0.00
0.00 287.474 -37.38965 56.40 10 10 7.50 25.60 96.00 0.00
0.00 287.579 -37.38965 60.90 10 10 7.90 26.40 99.00 0.00
