282.02572	-11.2
282.04021	-11.4
282.07485	-11.6
282.18106	-11.8
282.28333	-12.0092
282.4393	-12.2
282.65769	-12.4
282.91749	-12.6
283.06975	-12.8
283.23002	-13
283.35782	-13.2
283.45162	-13.4
283.52852	-13.6
283.58309	-13.8
283.61982	-14
283.68242	-14.2
283.76904	-14.4
283.92136	-14.6
284.10654	-14.8
284.36733	-15
284.56487	-15.2
284.80799	-15.4
285.24156	-15.6
285.49121	-15.8
285.83958	-16
286.0799	-16.2
286.5576	-16.4
286.99551	-16.6
287.45795	-16.8
287.79333	-17
288.02062	-17.2
288.1876	-17.4332
288.2539	-17.4077
288.33	-17.3559
288.4439	-17.3703
288.5085	-17.5082
288.5357	-17.6402
288.5505	-17.6792
288.5958	-17.7459
288.6709	-17.8144
288.7375	-17.8418
288.7774	-17.92
288.8344	-17.9482
288.905	-18.02
288.9881	-18.0953
289.1473	-18.1861
289.1858	-18.239
289.2408	-18.2876
289.362	-18.3594
289.4577	-18.4253
289.4895	-18.4943
289.5431	-18.5407
289.5786	-18.6362
289.5788	-18.7376
289.5729	-18.8179
289.6122	-18.9216
289.6039	-19.0236
289.6187	-19.0487
289.641	-19.1376
289.6891	-19.2014
289.6761	-19.2462
289.6486	-19.3296
289.6475	-19.4284
289.6616	-19.522
289.6875	-19.5875
289.7484	-19.6047
289.7595	-19.7037
289.7528	-19.7652
289.7764	-19.887
289.8116	-19.9554
289.78333	-20.016667
289.7714	-20.1022
289.7576	-20.1792
289.7567	-20.2545
289.7676	-20.316
289.7279	-20.3879
289.6928	-20.4622
289.66667	-20.55
289.6518	-20.6154
289.5387	-20.7026
289.5612	-20.7804
289.6334	-20.821
289.642	-20.9127
289.6164	-21.0252
289.6386	-21.0794
289.6282	-21.1637
289.6949	-21.2472
289.7278	-21.3733
289.7548	-21.5056
289.769	-21.6451
289.7522	-21.7031
289.7608	-21.7368
289.7763	-21.8239
289.7703	-21.9134
289.7748	-21.9918
289.733	-22.1375
289.7244	-22.2837
289.7	-22.366667
289.6947	-22.4782
289.7056	-22.5379
289.66	-22.5867
289.6741	-22.6622
289.5966	-22.7594
289.5485	-22.7866
289.5579	-22.8668
289.5484	-22.9786
289.4661	-22.9878
289.4281	-23.0103
289.3808	-23.0551
289.4041	-23.1631
289.3857	-23.2201
289.3808	-23.3051
289.3583	-23.3751
289.3745	-23.442
289.3606	-23.5314
289.4116	-23.5724
289.4422	-23.5992
289.48333	-23.65
289.46	-23.7157
289.4726	-23.7718
289.4599	-23.8963
289.4393	-23.9459
289.4463	-23.9985
289.4367	-24.031
289.4244	-24.1294
289.4546	-24.1708
289.4346	-24.2409
289.4131	-24.3006
289.4004	-24.3372
289.4067	-24.401
289.3853	-24.4397
289.416	-24.492
289.3959	-24.601
289.3528	-24.6813
289.3801	-24.7158
289.4038	-24.7713
289.413	-24.852
289.3948	-24.8977
289.4499	-24.9337
289.469	-25.007
289.4791	-25.0791
289.4399	-25.1213
289.4583	-25.1624
289.4834	-25.2372
289.4549	-25.3582
289.419	-25.4469
289.31667	-25.5
289.315	-25.6209
289.2717	-25.652
289.2617	-25.7227
289.2335	-25.8374
289.2788	-25.963
289.2704	-26.0708
289.2541	-26.1244
289.2113	-26.2625
289.1798	-26.4031
289.1911	-26.4839
289.2399	-26.5465
289.2321	-26.6121
289.125	-26.7666
289.1077	-26.8297
289.1115	-26.872
289.1106	-26.9486
289.087	-27.0392
289.0125	-27.1131
288.9871	-27.1378
289.0115	-27.1792
288.9956	-27.2559
288.979	-27.3212
288.9772	-27.3783
288.9804	-27.4628
288.9529	-27.5147
288.9761	-27.5955
288.9081	-27.721
288.8729	-27.8881
288.8102	-28.0285
288.7745	-28.1003
288.7705	-28.2161
288.7487	-28.2798
288.7419	-28.4043
288.6955	-28.4188
288.6734	-28.4628
288.6899	-28.5292
288.674	-28.6296
288.6052	-28.7518
288.5376	-28.7666
288.4872	-28.7969
288.4844	-28.8577
288.4604	-28.982
288.4538	-29.106
288.4508	-29.204
288.4259	-29.3125
288.5209	-29.3959
288.5869	-29.4197
288.5966	-29.5185
288.5915	-29.5876
288.5966	-29.6726
288.6306	-29.7349
288.6462	-29.8435
288.5961	-29.8916
288.5811	-29.9542
288.5403	-30.0466
288.471	-30.1758
288.3873	-30.2015
288.3196	-30.2792
288.2923	-30.3873
288.2631	-30.5019
288.2609	-30.5652
288.2727	-30.7514
288.2743	-30.9376
288.2805	-31.0101
288.2828	-31.1253
288.3104	-31.2697
288.3491	-31.3878
288.3731	-31.5373
288.3311	-31.5848
288.3488	-31.7047
288.3663	-31.7511
288.3952	-31.8194
288.4256	-31.9457
288.4105	-32.0556
288.4043	-32.0957
288.4257	-32.1996
288.4651	-32.2882
288.4359	-32.4402
288.4182	-32.4962
288.3773	-32.5818
288.3561	-32.6718
288.3591	-32.7328
288.3772	-32.8066
288.3239	-32.834
288.3047	-32.8656
288.2584	-32.9251
288.2233	-33.0049
288.1579	-33.1171
288.1465	-33.2307
288.1829	-33.2717
288.1648	-33.4012
288.1695	-33.4734
288.33333	-33.55
288.1933	-33.5642
288.128	-33.5944
288.0804	-33.5966
288.0546	-33.6142
288.0421	-33.6542
288.0273	-33.721
287.9676	-33.7404
287.9284	-33.7893
287.867	-33.9542
287.8035	-34.0795
287.7583	-34.1287
287.8502	-34.1959
287.8337	-34.2791
287.8452	-34.4061
287.8435	-34.5372
287.8532	-34.6222
287.859	-34.6877
287.8043	-34.725
287.717	-34.7792
287.6792	-34.837
287.5501	-34.8579
287.4713	-34.8741
287.4156	-34.9513
287.4042	-35.0331
287.3454	-35.1211
287.4033	-35.1881
287.3672	-35.2408
287.3051	-35.2706
287.2593	-35.3459
287.1692	-35.3396
287.0913	-35.3462
287.0385	-35.4039
287.019	-35.4633
286.9857	-35.5117
286.9656	-35.5716
286.9291	-35.6792
286.9345	-35.7784
287.0145	-35.8548
287.0751	-35.9833
287.0546	-36.0761
286.9486	-36.1538
286.8188	-36.1797
286.7551	-36.1559
286.6748	-36.0333
286.6231	-36.0113
286.5687	-36.0533
286.513	-36.1227
286.4846	-36.1787
286.4656	-36.2504
286.4609	-36.345
286.4612	-36.4283
286.4485	-36.504
286.4437	-36.5703
286.4378	-36.6556
286.4325	-36.712
286.55	-36.766667
286.63333	-36.8
286.78333	-36.833333
286.65	-36.85
286.48333	-36.916667
286.3869	-36.8181
286.3499	-36.8579
286.3315	-36.9128
286.3507	-36.9459
286.2881	-37.0014
286.2511	-37.0711
286.2419	-37.1246
286.2911	-37.167
286.2768	-37.229
286.269	-37.3366
286.2041	-37.3818
286.2084	-37.4333
286.2219	-37.5637
286.2423	-37.6407
286.2554	-37.7101
286.2295	-37.7371
286.2124	-37.7751
286.1638	-37.855
286.1164	-37.9043
286.0627	-37.9876
286.0807	-38.0447
286.1748	-38.0755
286.2582	-38.1333
286.2676	-38.2077
286.2151	-38.2526
286.1043	-38.258
286.01667	-38.233333
285.91667	-38.216667
285.8539	-38.2181
285.8587	-38.2706
285.8708	-38.3375
285.9299	-38.3896
286.0024	-38.481
286.0749	-38.5209
286.0918	-38.5916
286.0937	-38.6568
286.0944	-38.7289
286.1288	-38.7962
286.178	-38.8697
286.2158	-38.9185
286.2908	-38.9514
286.2959	-38.9901
286.2324	-39.0538
286.1744	-39.0761
286.112	-39.113
286.1178	-39.2038
286.1431	-39.2571
286.1463	-39.3126
286.1504	-39.3666
286.1481	-39.4373
286.1105	-39.4865
286.1213	-39.529
286.0694	-39.5981
286.0217	-39.6174
286.0027	-39.6948
285.984	-39.7538
286.0087	-39.8126
286.0035	-39.8716
286.0544	-39.8964
286.0541	-39.9988
286.0237	-40.071
286.0712	-40.121
286.08	-40.1875
285.9676	-40.2154
285.9381	-40.2639
285.9714	-40.3116
285.9107	-40.3475
285.8694	-40.3615
285.8561	-40.4464
285.8709	-40.4875
285.8519	-40.5545
285.8124	-40.6083
285.7772	-40.7153
285.766	-40.759
285.7628	-40.7921
285.7629	-40.8502
285.8035	-40.8779
285.8136	-40.955
285.8349	-41.0074
285.8474	-41.0805
285.8376	-41.1322
285.8331	-41.224
285.7565	-41.2382
285.7582	-41.3126
285.7753	-41.4039
285.8158	-41.4836
285.8402	-41.5433
285.804	-41.5826
285.7633	-41.6794
285.721	-41.7708
285.5791	-41.8291
285.4708	-41.8623
285.4034	-41.9022
285.3201	-41.9434
285.3257	-42.054
285.3282	-42.1064
285.3043	-42.1991
285.3806	-42.2383
285.3887	-42.3523
285.3951	-42.3948
285.3961	-42.4455
285.4535	-42.4879
285.4733	-42.5789
285.4062	-42.6119
285.3459	-42.5954
285.2955	-42.6286
285.225	-42.6834
285.1811	-42.7595
285.0996	-42.8257
285.0292	-42.8995
285.0289	-43.0044
285.0591	-43.1288
285.0547	-43.2135
285.0655	-43.2788
285.0163	-43.359
284.9844	-43.4128
284.9205	-43.4318
284.8372	-43.4981
284.8039	-43.6026
284.8929	-43.6147
284.9442	-43.6556
284.9993	-43.7041
285.0704	-43.7629
285.0265	-43.8477
284.9211	-43.8594
284.846	-43.9169
284.8543	-43.9915
284.883	-44.0292
284.9885	-44.0727
285.18333	-44.133333
285.15	-44.25
285.03333	-44.25
284.9262	-44.2814
284.8536	-44.2686
284.7491	-44.2673
284.7265	-44.3406
284.7238	-44.4048
284.7218	-44.4531
284.7186	-44.6039
284.7554	-44.685
284.672	-44.7225
284.5042	-44.7937
284.508	-44.8542
284.632	-44.9274
284.7881	-45.0201
285	-45.083333
285.13333	-45.233333
284.91667	-45.366667
284.8	-45.283333
284.7294	-45.2571
284.6898	-45.2875
284.6238	-45.3453
284.6339	-45.4122
284.6369	-45.4556
284.6041	-45.5143
284.5542	-45.5624
284.5197	-45.6295
284.4831	-45.6959
284.4665	-45.7541
284.4739	-45.8296
284.4395	-45.8848
284.5173	-45.9158
284.5709	-45.9706
284.5618	-46.0373
284.5381	-46.1266
284.5038	-46.1957
284.5744	-46.2334
284.6461	-46.2744
284.6756	-46.3127
284.6044	-46.3922
284.495	-46.4273
284.4432	-46.4658
284.4385	-46.5182
284.3961	-46.5927
284.3854	-46.6385
284.3527	-46.7196
284.3628	-46.8037
284.4042	-46.8458
284.3995	-46.8877
284.4916	-46.971
284.4594	-47.0201
284.4645	-47.0621
284.4507	-47.1245
284.453	-47.2199
284.5068	-47.304
284.4943	-47.4284
284.4191	-47.5532
284.3695	-47.6535
284.3685	-47.7372
284.2826	-47.8706
284.2917	-47.9876
284.1805	-48.0049
284.1029	-48.1731
284.102	-48.2618
284.0706	-48.371
284.1164	-48.4871
284.0681	-48.5741
284.1113	-48.7056
284.0623	-48.896
284.0126	-49.0272
284.0547	-49.1788
284.0784	-49.3552
284.0868	-49.4957
284.0995	-49.7087
284.1872	-49.9545
284.1729	-50.2464
284.0874	-50.4617
283.9504	-50.5622
283.9001	-50.8087
283.954	-50.9212
284.0915	-51.0918
284.1948	-51.2881
284.3149	-51.4296
284.1935	-51.5476
284.1377	-51.7587
284.2003	-51.9545
284.3647	-52.2439
284.6491	-52.4545
284.6816	-52.5948
284.7491	-52.7763
284.9264	-52.9309
285.0704	-53.0205
285.2131	-53.2119
285.4391	-53.4526
285.5968	-53.5387
285.6796	-53.712
285.8174	-53.8403
286.0624	-53.9505
286.2544	-54.0251
286.4512	-54.0477
286.5796	-54.1901
286.7547	-54.2232
286.8106	-54.3383
286.7794	-54.4376
286.6491	-54.6044
286.8166	-54.7374
287.0201	-54.819
287.2012	-54.9147
287.404	-54.9584
287.7512	-54.9982
287.9622	-55.0954
288.1835	-55.1414
288.3329	-55.0793
288.5545	-55.0704
288.7215	-55.1066
288.8363	-55.3033
289.0998	-55.5088
289.4436	-55.6869
289.8032	-55.91
290.0286	-56.0189
290.1957	-56.1722
290.3669	-56.3206
290.6879	-56.4489
290.9707	-56.5924
291.3585	-56.6498
291.687	-56.7332
291.9799	-56.7564
292.4353	-56.705
292.6909	-56.571
292.9375	-56.4446
293.1708	-56.2497
293.3547	-56.1481
293.5221	-55.9712
293.6556	-55.829
293.7757	-55.6625
293.8353	-55.4871
294.0299	-55.2959
293.918	-55.1655
294.0128	-55.0825
294.2792	-55.0879
294.4504	-55.0494
294.6095	-55.0068
294.7154	-54.9791
294.9043	-54.929
295.0798	-54.9398
295.2848	-54.9391
295.6163	-54.9338
296.0265	-54.8644
298.15	-62.85
298.1833333	-62.58333333
298.4333333	-62.43333333
298.7833333	-62.35
299.1294	-62.279
299.4078	-62.1798
299.8881	-62.14
300.2177	-62.0152
300.7	-61.9
301.1833333	-61.9
301.7	-61.78333333
302.3	-61.78333333
250.6124	-27.0536
250.6898	-27.078
250.7216	-27.0895
250.7708	-27.1375
250.6868	-27.1523
250.6207	-27.1918
250.5697	-27.2275
250.5267	-27.1823
250.5666667	-27.13333333
250.5882	-27.1042
279.8713	-26.24
279.9135	-26.2614
279.953	-26.2918
280.0463	-26.2628
280.0631	-26.2972
280.096	-26.3237
280.138	-26.3404
280.137	-26.3811
280.1706	-26.4911
280.0623	-26.4016
279.9957	-26.3587
279.9303	-26.3553
279.866	-26.334
279.8456	-26.2958
279.21667	-33.716667
279.26667	-33.766667
279.3	-33.833333
279.25	-33.816667
279.2	-33.8
279.16667	-33.75
281.0921	-33.5494
281.1377	-33.5707
281.1906	-33.6098
281.2413	-33.6253
281.2747	-33.692
281.275	-33.7209
281.2262	-33.7211
281.1956	-33.7444
281.1543	-33.7463
281.1128	-33.7431
281.0241	-33.7681
280.925	-33.7254
280.9127	-33.6866
280.9703	-33.6518
281.019	-33.6137
281.0246	-33.5792
289.66667	-18.483333
289.66667	-18.466667
289.68333	-18.466667
289.76667	-19.616667
289.76667	-19.583333
289.76667	-19.6
289.78333	-19.616667
289.78333	-19.583333
289.83333	-20.216667
289.83333	-20.2
289.83333	-20.233333
289.833333	-20.18333333
289.85	-20.2
289.85	-20.183333
289.78333	-20.816667
289.78333	-20.8
289.8	-20.816667
289.8	-20.8
289.76667	-22.1
289.76667	-22.083333
289.78333	-22.1
289.78333	-22.083333
289.78333	-22.066667
289.8	-22.083333
289.8	-22.066667
289.51667	-23.083333
289.53333	-23.1
289.53333	-23.083333
289.55	-23.1
289.55	-23.083333
289.56667	-23.083333
289.56667	-23.666667
289.56667	-23.65
289.56667	-23.633333
289.56667	-23.616667
289.58333	-23.666667
289.58333	-23.65
289.58333	-23.633333
289.58333	-23.616667
289.6	-23.633333
289.6	-23.616667
289.5	-25.05
289.5	-25.033333
289.5	-25.016667
289.5	-25
289.5	-24.983333
289.51667	-25.05
289.51667	-25.033333
289.51667	-25.016667
289.51667	-25
289.51667	-24.983333
289.48333	-25.4
289.48333	-25.383333
289.5	-25.4
289.5	-25.383333
289.51667	-25.383333
289.51667	-25.4
289.33333	-26.366667
289.33333	-26.35
289.33333	-26.333333
289.33333	-26.316667
289.35	-26.35
289.35	-26.333333
289.35	-26.316667
289.36667	-26.35
289.36667	-26.333333
289.13333	-27.066667
289.13333	-27.05
289.13333	-27.033333
289.15	-27.05
289.15	-27.033333
289.16667	-27.033333
289.16667	-27.05
289.18333	-27.05
288.75	-28.466667
288.75	-28.45
288.75	-28.433333
288.76667	-28.433333
288.76667	-28.466667
288.76667	-28.45
288.78333	-28.45
288.78333	-28.433333
288.63333	-29.95
288.63333	-29.933333
288.65	-29.95
288.65	-29.933333
288.66667	-29.95
288.66667	-29.933333
288.68333	-29.95
288.68333	-29.933333
288.7	-29.933333
288.45	-32.15
288.45	-32.133333
288.45	-32.116667
288.46667	-32.15
288.46667	-32.133333
288.46667	-32.116667
288.48333	-32.116667
288.45	-32.783333
288.45	-32.766667
288.46667	-32.75
288.46667	-32.783333
288.46667	-32.766667
288.48333	-32.783333
288.48333	-32.766667
288.48333	-32.75
288.5	-32.75
288.35	-33.016667
288.35	-33
288.36667	-33
288.36667	-33.016667
288.38333	-33.033333
288.38333	-33.016667
288.4	-33.033333
288.4	-33.016667
288.4	-33
288.35	-33.6
288.35	-33.583333
288.35	-33.566667
288.36667	-33.6
288.36667	-33.566667
288.36667	-33.583333
288.38333	-33.583333
288.38333	-33.566667
287.51667	-35.35
287.51667	-35.333333
287.53333	-35.35
287.53333	-35.333333
287.55	-35.35
287.55	-35.333333
286.93333	-36.65
286.95	-36.65
286.95	-36.633333
286.96667	-36.65
286.96667	-36.633333
286.9	-36.716667
286.9	-36.7
286.91667	-36.683333
286.91667	-36.716667
286.91667	-36.7
286.81667	-37.05
286.81667	-37.033333
286.81667	-37.016667
286.83333	-37.05
286.83333	-37.033333
286.83333	-37.066667
286.85	-37.066667
286.85	-37.05
286.85	-37.033333
286.31667	-37.616667
286.31667	-37.6
286.31667	-37.583333
286.31667	-37.566667
286.33333	-37.616667
286.33333	-37.6
286.33333	-37.583333
286.33333	-37.566667
286.35	-37.583333
286.75	-39.416667
286.75	-39.4
286.75	-39.383333
286.75	-39.366667
286.76667	-39.366667
286.76667	-39.416667
286.76667	-39.4
286.76667	-39.383333
286.78333	-39.383333
286.78333	-39.366667
286.56667	-39.866667
286.56667	-39.85
286.56667	-39.833333
286.58333	-39.883333
286.58333	-39.866667
286.58333	-39.85
286.58333	-39.833333
286.6	-39.883333
286.6	-39.866667
286.23333	-40.583333
286.23333	-40.566667
286.23333	-40.6
286.23333	-40.55
286.25	-40.583333
286.25	-40.566667
286.25	-40.55
286.26667	-40.55
287.01667	-41.516667
287.01667	-41.5
287.03333	-41.5
287.03333	-41.516667
287.05	-41.516667
287.05	-41.5
287.05	-41.483333
287.06667	-41.516667
287.06667	-41.5
287.06667	-41.483333
286.15	-41.866667
286.15	-41.85
286.16667	-41.866667
286.16667	-41.85
286.18333	-41.866667
286.18333	-41.85
286.23333	-42.5
286.25	-42.5
286.25	-42.483333
286.25	-42.466667
286.23333	-43.9
286.25	-43.916667
286.25	-43.9
286.26667	-43.9
286.26667	-43.883333
287.16667	-45.466667
287.16667	-45.45
287.16667	-45.483333
287.18333	-45.466667
287.18333	-45.45
287.18333	-45.433333
285.58333	-49.15
285.58333	-49.133333
285.6	-49.15
285.6	-49.133333
285.91667	-52.966667
285.91667	-52.95
285.93333	-52.966667
285.93333	-52.95
285.95	-52.983333
285.95	-52.966667
285.95	-52.95
289.13333	-53.15
289.13333	-53.133333
289.13333	-53.116667
289.13333	-53.1
289.15	-53.133333
289.15	-53.116667
289.16667	-53.1
292.33333	-54.933333
292.33333	-54.916667
292.33333	-54.9
292.35	-54.916667
292.38333	-54.916667
292.4	-54.916667
250.55	-27.166667
250.55	-27.15
250.56667	-27.166667
250.56667	-27.15
279.86667	-26.3
279.86667	-26.283333
279.88333	-26.316667
279.88333	-26.3
279.88333	-26.283333
279.88333	-26.266667
281.16667	-33.6
281.16667	-33.616667
281.18333	-33.633333
281.18333	-33.616667
281.18333	-33.6
281.2	-33.633333
281.2	-33.616667
300.31667	-62.483333
300.31667	-62.466667
300.33333	-62.466667
300.35	-62.466667
282.8333333	-12.05
282.8166667	-12.05
282.8166667	-12.06666667
286.3	-16.23333333
286.2833333	-16.23333333
286.3	-16.25
286.2833333	-16.25
287.8833333	-17
287.8833333	-17.01666667
287.9	-17.01666667
287.8666667	-17
287.8666667	-17.01666667
287.95	-34.63333333
287.95	-34.61666667
287.9333333	-34.61666667
287.9333333	-34.63333333
287.9333333	-34.65
287.9166667	-34.61666667
287.9166667	-34.63333333
287.9166667	-34.65
286.579	-20.441667
287.963	-23.163
286.017	-26.743
286.201	-32.123
284.757	-35.758
286.571	-20.473
286.217	-32.118
284.716233	-35.74695
289.6767695	-18.4758
289.784018	-19.59689
289.8521694	-20.20457778
289.801971	-20.803213
289.788347	-22.093757
289.54917	-23.0975
289.595559	-23.653133
289.531272	-25.008982
289.508317	-25.408105
289.3663444	-26.35176944
289.1752806	-27.0646055
288.776168	-28.46082
288.6647	-29.950066
288.470694	-32.135611
288.4747222	-32.77555556
288.3740612	-33.02730833
288.381812	-33.581625
287.5419	-35.3559194
286.942743	-36.636139
286.8937612	-36.69538055
286.848269	-37.028605
286.33602	-37.594225
286.785072	-39.39766
286.57252	-39.886595
286.262979	-40.581105
287.03876	-41.484739
286.166943	-41.867399
286.241539	-42.480887
286.251801	-43.898463
287.179955	-45.467076
285.574626	-49.137227
285.934	-52.96
289.138015	-53.123727
292.38943	-54.933197
250.560574	-27.15485
279.891452	-26.292215
281.170119	-33.636017
300.337101	-62.479267
287.953765	-34.639379
287.94214	-34.6873055
286.591894	-38.749925
289.790833	-52.648056
287.042858	-36.53797
288.53135	-29.245858
286.478889	-45.164573
287.48433	-51.729134
296.679686	-57.898731